SimulationSecond,ReceiveRate,PacketsReceived,NumberOfSinks,RoutingProtocol,TransmissionPower,WavePktsSent,WavePtksReceived,WavePktsPpr,ExpectedWavePktsReceived,ExpectedWavePktsInCoverageReceived,BSM_PDR1,BSM_PDR2,BSM_PDR3,BSM_PDR4,BSM_PDR5,BSM_PDR6,BSM_PDR7,BSM_PDR8,BSM_PDR9,BSM_PDR10,MacPhyOverhead,m_nodeSpeed,n_nodes
0,0.0,0,10,protocol,7.5,0,0,0.0,0,0,0.0,0.0,0.0,0.0,0.0,0.0,0.0,0.0,0.0,0.0,0.0,20,170.0
1,0.0,0,10,protocol,7.5,0,0,0.0,0,0,0.0,0.0,0.0,0.0,0.0,0.0,0.0,0.0,0.0,0.0,1.0,20,170.0
2,3.072,6,10,protocol,7.5,1700,31782,18.6953,4824,3081,0.638682,0.490261,0.414644,0.377829,0.346264,0.30821,0.270217,0.270217,0.270217,0.270217,0.369956,20,170.0
3,5.6320000000000014,11,10,protocol,7.5,1700,29800,17.5294,4943,3128,0.632814,0.472738,0.396405,0.35257,0.318648,0.28389000000000003,0.249642,0.249642,0.249642,0.249642,0.456089,20,170.0
4,7.1679999999999975,14,10,protocol,7.5,1700,28063,16.5076,4905,2895,0.590214,0.44873,0.375527,0.335696,0.302117,0.265619,0.232141,0.232141,0.232141,0.232141,0.519695,20,170.0
5,6.6560000000000015,13,10,protocol,7.5,1700,33213,19.5371,4879,3196,0.6550520000000001,0.4915890000000001,0.416853,0.372936,0.340444,0.306368,0.271661,0.271661,0.271661,0.271661,0.5409189999999999,20,170.0
6,5.6320000000000014,11,10,protocol,7.5,1700,30728,18.0753,5084,3117,0.6131,0.470594,0.393241,0.351648,0.316838,0.282558,0.248154,0.248154,0.248154,0.248154,0.553289,20,170.0
7,10.24,20,10,protocol,7.5,1700,33583,19.7547,5224,3334,0.638208,0.475671,0.404386,0.364917,0.335663,0.303289,0.267969,0.267969,0.267969,0.267969,0.554327,20,170.0
8,4.6080000000000005,9,10,protocol,7.5,1700,34780,20.4588,5430,3423,0.630387,0.489224,0.418779,0.378964,0.345729,0.309948,0.274093,0.274093,0.274093,0.274093,0.557756,20,170.0
9,9.216,18,10,protocol,7.5,1700,38275,22.5147,5775,3744,0.648312,0.501341,0.433998,0.399237,0.371183,0.33734699999999995,0.298291,0.298291,0.298291,0.298291,0.557581,20,170.0
10,7.1679999999999975,14,10,protocol,7.5,1700,38445,22.6147,5947,3885,0.653271,0.509722,0.439897,0.402803,0.372709,0.334641,0.295915,0.295915,0.295915,0.295915,0.55783,20,170.0
11,3.072,6,10,protocol,7.5,1700,37774,22.22,5887,3791,0.643961,0.494136,0.431113,0.39023,0.360401,0.32542,0.28849600000000003,0.28849600000000003,0.28849600000000003,0.28849600000000003,0.5601520000000001,20,170.0
12,4.096,8,10,protocol,7.5,1700,32182,18.9306,5746,3433,0.597459,0.444672,0.372757,0.337004,0.308531,0.275431,0.243648,0.243648,0.243648,0.243648,0.5619,20,170.0
13,5.12,10,10,protocol,7.5,1700,34525,20.3088,5873,3522,0.599694,0.4515020000000001,0.388009,0.355324,0.328122,0.292732,0.259441,0.259441,0.259441,0.259441,0.563168,20,170.0
14,3.584,7,10,protocol,7.5,1700,35962,21.1541,6254,3729,0.596258,0.455637,0.397289,0.361179,0.333593,0.300304,0.268335,0.268335,0.268335,0.268335,0.564026,20,170.0
15,3.584,7,10,protocol,7.5,1700,35582,20.9306,6443,3734,0.579544,0.451801,0.390078,0.356314,0.329481,0.295683,0.263733,0.263733,0.263733,0.263733,0.563976,20,170.0
16,4.096,8,10,protocol,7.5,1700,37779,22.2229,6552,3974,0.606532,0.481152,0.41671,0.379188,0.348011,0.311206,0.278475,0.278475,0.278475,0.278475,0.563603,20,170.0
17,4.6080000000000005,9,10,protocol,7.5,1700,39374,23.1612,6354,3941,0.620239,0.484407,0.414119,0.381681,0.352107,0.32005700000000004,0.28894200000000003,0.28894200000000003,0.28894200000000003,0.28894200000000003,0.563271,20,170.0
18,2.048,4,10,protocol,7.5,1700,39510,23.2412,6414,4046,0.630808,0.4845350000000001,0.41308,0.378724,0.351479,0.319681,0.288742,0.288742,0.288742,0.288742,0.563449,20,170.0
19,3.584,7,10,protocol,7.5,1700,36272,21.3365,6479,3822,0.589906,0.440946,0.378137,0.34486700000000003,0.320764,0.292752,0.263618,0.263618,0.263618,0.263618,0.5617989999999999,20,170.0
20,7.68,15,10,protocol,7.5,1700,36641,21.5535,6487,3814,0.5879449999999999,0.449345,0.38291,0.350984,0.322058,0.29480100000000004,0.26576900000000003,0.26576900000000003,0.26576900000000003,0.26576900000000003,0.557856,20,170.0
21,6.144,12,10,protocol,7.5,1700,37964,22.3318,6474,4189,0.64705,0.480554,0.405343,0.368465,0.337364,0.30640700000000004,0.275113,0.275113,0.275113,0.275113,0.555982,20,170.0
22,4.6080000000000005,9,10,protocol,7.5,1700,33433,19.6665,6906,3852,0.557776,0.414115,0.347511,0.31499,0.291476,0.26757600000000004,0.241309,0.241309,0.241309,0.241309,0.552864,20,170.0
23,3.584,7,10,protocol,7.5,1700,36684,21.5788,6915,4004,0.5790310000000001,0.445534,0.381664,0.347472,0.320378,0.293268,0.26326,0.26326,0.26326,0.26326,0.551132,20,170.0
24,4.096,8,10,protocol,7.5,1700,35462,20.86,6840,3849,0.562719,0.433737,0.370444,0.336546,0.31185300000000005,0.28331,0.252936,0.252936,0.252936,0.252936,0.548517,20,170.0
25,4.6080000000000005,9,10,protocol,7.5,1700,37415,22.0088,6767,3952,0.584011,0.431282,0.373894,0.347441,0.323596,0.296108,0.26615900000000003,0.26615900000000003,0.26615900000000003,0.26615900000000003,0.545806,20,170.0
26,5.12,10,10,protocol,7.5,1700,32647,19.2041,6807,3710,0.545027,0.394422,0.335549,0.30717300000000003,0.285031,0.257989,0.231823,0.231823,0.231823,0.231823,0.543076,20,170.0
27,7.68,15,10,protocol,7.5,1700,32525,19.1324,6780,3581,0.5281710000000001,0.39294,0.333718,0.306221,0.282996,0.256579,0.230747,0.230747,0.230747,0.230747,0.540935,20,170.0
28,6.144,12,10,protocol,7.5,1700,32467,19.0982,6633,3588,0.540932,0.392511,0.333875,0.305641,0.283537,0.255703,0.229885,0.229885,0.229885,0.229885,0.536768,20,170.0
29,8.704,17,10,protocol,7.5,1700,33242,19.5541,6420,3555,0.5537380000000001,0.404104,0.344,0.313051,0.288838,0.261085,0.234765,0.234765,0.234765,0.234765,0.532299,20,170.0
30,8.192,16,10,protocol,7.5,1700,33490,19.7,6161,3526,0.57231,0.415762,0.345588,0.315189,0.291216,0.262502,0.235763,0.235763,0.235763,0.235763,0.5279149999999999,20,170.0
31,8.192,16,10,protocol,7.5,1700,34350,20.2059,6039,3496,0.578904,0.420273,0.352724,0.322386,0.297182,0.26907,0.242037,0.242037,0.242037,0.242037,0.523016,20,170.0
32,8.192,16,10,protocol,7.5,1700,33509,19.7112,6271,3630,0.578855,0.415474,0.348412,0.3129,0.288312,0.26110900000000004,0.23597,0.23597,0.23597,0.23597,0.51962,20,170.0
33,11.264,22,10,protocol,7.5,1700,32495,19.1147,6476,3632,0.56084,0.410485,0.344304,0.309593,0.285961,0.255377,0.228631,0.228631,0.228631,0.228631,0.515057,20,170.0
34,8.192,16,10,protocol,7.5,1700,30270,17.8059,6661,3457,0.518991,0.37333,0.311833,0.281898,0.261389,0.236547,0.21362,0.21362,0.21362,0.21362,0.511781,20,170.0
35,8.192,16,10,protocol,7.5,1700,32372,19.0424,6728,3805,0.565547,0.399709,0.337265,0.306689,0.283143,0.254963,0.228725,0.228725,0.228725,0.228725,0.508263,20,170.0
36,8.192,16,10,protocol,7.5,1700,35184,20.6965,6811,3952,0.580238,0.429399,0.366482,0.332947,0.306992,0.2773,0.248195,0.248195,0.248195,0.248195,0.509301,20,170.0
37,8.704,17,10,protocol,7.5,1700,32880,19.3412,6907,3885,0.562473,0.406592,0.342558,0.309936,0.286566,0.259227,0.23293000000000005,0.23293000000000005,0.23293000000000005,0.23293000000000005,0.5068739999999999,20,170.0
38,11.776,23,10,protocol,7.5,1700,31868,18.7459,6756,3616,0.5352279999999999,0.391787,0.32888,0.300685,0.27889200000000003,0.252589,0.226617,0.226617,0.226617,0.226617,0.50467,20,170.0
39,10.752,21,10,protocol,7.5,1700,29976,17.6329,6828,3608,0.528412,0.379827,0.318778,0.285791,0.264013,0.238313,0.213675,0.213675,0.213675,0.213675,0.502632,20,170.0
40,10.752,21,10,protocol,7.5,1700,33497,19.7041,6695,3777,0.5641520000000001,0.419459,0.35602399999999995,0.320787,0.296422,0.26679200000000003,0.239522,0.239522,0.239522,0.239522,0.500413,20,170.0
41,14.336,28,10,protocol,7.5,1700,32673,19.2194,6590,3549,0.538543,0.396675,0.339142,0.310057,0.28896900000000003,0.260118,0.2336010000000001,0.2336010000000001,0.2336010000000001,0.2336010000000001,0.497393,20,170.0
42,14.336,28,10,protocol,7.5,1700,33323,19.6018,6518,3526,0.540963,0.398283,0.344704,0.31497800000000004,0.292018,0.264865,0.238965,0.238965,0.238965,0.238965,0.493879,20,170.0
43,14.336,28,10,protocol,7.5,1700,34591,20.3476,6545,3777,0.577082,0.4284600000000001,0.366765,0.330784,0.302572,0.274661,0.249023,0.249023,0.249023,0.249023,0.490465,20,170.0
44,10.24,20,10,protocol,7.5,1700,31932,18.7835,6583,3477,0.528179,0.396517,0.338976,0.30816,0.283768,0.255776,0.230299,0.230299,0.230299,0.230299,0.491584,20,170.0
45,10.24,20,10,protocol,7.5,1700,31591,18.5829,6672,3592,0.538369,0.399958,0.337113,0.301993,0.27671100000000004,0.25098200000000004,0.2278280000000001,0.2278280000000001,0.2278280000000001,0.2278280000000001,0.494317,20,170.0
46,10.752,21,10,protocol,7.5,1700,29675,17.4559,6560,3508,0.534756,0.397114,0.329296,0.295316,0.267,0.23861,0.214215,0.214215,0.214215,0.214215,0.497482,20,170.0
47,13.312,26,10,protocol,7.5,1700,32545,19.1441,6177,3383,0.5476770000000001,0.396618,0.336305,0.305764,0.282192,0.25822,0.233991,0.233991,0.233991,0.233991,0.498248,20,170.0
48,10.752,21,10,protocol,7.5,1700,33598,19.7635,6059,3486,0.575342,0.419257,0.353475,0.321265,0.295684,0.268567,0.241425,0.241425,0.241425,0.241425,0.498079,20,170.0
49,12.8,25,10,protocol,7.5,1700,34022,20.0129,5928,3464,0.584345,0.4264310000000001,0.360494,0.325292,0.29951500000000003,0.272291,0.244634,0.244634,0.244634,0.244634,0.497522,20,170.0
50,14.336,28,10,protocol,7.5,1700,31405,18.4735,5764,3298,0.572172,0.413343,0.342075,0.307949,0.281873,0.252543,0.225548,0.225548,0.225548,0.225548,0.495103,20,170.0
51,12.288,24,10,protocol,7.5,1700,31134,18.3141,5800,3267,0.563276,0.39793,0.333082,0.30254200000000003,0.278238,0.249929,0.22405300000000009,0.22405300000000009,0.22405300000000009,0.22405300000000009,0.493996,20,170.0
52,12.288,24,10,protocol,7.5,1700,32195,18.9382,5651,3293,0.5827289999999999,0.411287,0.342462,0.31014400000000003,0.285677,0.258721,0.232276,0.232276,0.232276,0.232276,0.492414,20,170.0
53,10.752,21,10,protocol,7.5,1700,34615,20.3618,5797,3353,0.578403,0.42742,0.365609,0.334598,0.30969800000000003,0.279,0.249975,0.249975,0.249975,0.249975,0.490266,20,170.0
54,10.24,20,10,protocol,7.5,1700,34001,20.0006,5903,3477,0.589023,0.432702,0.367463,0.331542,0.303999,0.27431700000000003,0.246173,0.246173,0.246173,0.246173,0.488345,20,170.0
55,10.24,20,10,protocol,7.5,1700,33667,19.8041,6360,3688,0.579874,0.425432,0.364444,0.328169,0.302491,0.272245,0.2447280000000001,0.2447280000000001,0.2447280000000001,0.2447280000000001,0.486464,20,170.0
56,9.728,19,10,protocol,7.5,1700,32026,18.8388,6883,3974,0.577365,0.4236,0.357535,0.316938,0.288108,0.259154,0.233167,0.233167,0.233167,0.233167,0.485526,20,170.0
57,11.264,22,10,protocol,7.5,1700,31536,18.5506,6809,3782,0.555441,0.40589,0.345067,0.307831,0.280914,0.254564,0.22958,0.22958,0.22958,0.22958,0.4854520000000001,20,170.0
58,11.264,22,10,protocol,7.5,1700,32250,18.9706,6640,3881,0.584488,0.429738,0.359661,0.320686,0.28933600000000004,0.260831,0.234997,0.234997,0.234997,0.234997,0.484704,20,170.0
59,15.36,30,10,protocol,7.5,1700,31379,18.4582,6572,3862,0.587645,0.418943,0.351144,0.312047,0.283972,0.254822,0.228307,0.228307,0.228307,0.228307,0.483359,20,170.0
60,14.336,28,10,protocol,7.5,1700,34515,20.3029,6386,3798,0.594738,0.4406890000000001,0.372386,0.335428,0.307546,0.278,0.251108,0.251108,0.251108,0.251108,0.4824640000000001,20,170.0
61,14.336,28,10,protocol,7.5,1700,32714,19.2435,6227,3810,0.6118520000000001,0.440472,0.364216,0.326023,0.295987,0.26500100000000004,0.237935,0.237935,0.237935,0.237935,0.480844,20,170.0
62,11.776,23,10,protocol,7.5,1700,28539,16.7876,5940,3398,0.572054,0.387069,0.318008,0.282604,0.256225,0.230461,0.20822,0.20822,0.20822,0.20822,0.480005,20,170.0
63,14.336,28,10,protocol,7.5,1700,31723,18.6606,5851,3545,0.605879,0.42742,0.350936,0.315449,0.287518,0.25690100000000005,0.231462,0.231462,0.231462,0.231462,0.477824,20,170.0
64,14.336,28,10,protocol,7.5,1700,32016,18.8329,5780,3576,0.618685,0.435413,0.360978,0.32422199999999995,0.293345,0.261452,0.23435,0.23435,0.23435,0.23435,0.476033,20,170.0
65,12.8,25,10,protocol,7.5,1700,32266,18.98,5810,3466,0.596558,0.427209,0.356663,0.320947,0.29246500000000003,0.262596,0.236337,0.236337,0.236337,0.236337,0.474481,20,170.0
66,14.848,29,10,protocol,7.5,1700,32862,19.3306,5765,3480,0.603643,0.432437,0.360561,0.32208600000000004,0.295681,0.267333,0.241161,0.241161,0.241161,0.241161,0.473629,20,170.0
67,10.24,20,10,protocol,7.5,1700,32516,19.1271,5738,3458,0.602649,0.441935,0.364445,0.325967,0.296437,0.266168,0.238097,0.238097,0.238097,0.238097,0.476035,20,170.0
68,7.68,15,10,protocol,7.5,1700,34921,20.5418,5663,3377,0.596327,0.450403,0.382617,0.343972,0.316228,0.285791,0.255939,0.255939,0.255939,0.255939,0.478373,20,170.0
69,5.6320000000000014,11,10,protocol,7.5,1700,33839,19.9053,5887,3560,0.604722,0.450382,0.375118,0.335356,0.305543,0.27783800000000003,0.249524,0.249524,0.249524,0.249524,0.4799520000000001,20,170.0
70,13.824000000000002,27,10,protocol,7.5,1700,32188,18.9341,6147,3568,0.580446,0.4382390000000001,0.36722,0.326916,0.29749000000000003,0.26684,0.238424,0.238424,0.238424,0.238424,0.4799890000000001,20,170.0
71,14.336,28,10,protocol,7.5,1700,32828,19.3106,6011,3558,0.591915,0.4327180000000001,0.366571,0.327054,0.300424,0.271688,0.243657,0.243657,0.243657,0.243657,0.481087,20,170.0
72,9.216,18,10,protocol,7.5,1700,33155,19.5029,6364,3834,0.6024510000000001,0.434817,0.371782,0.331729,0.304019,0.27505100000000005,0.24698,0.24698,0.24698,0.24698,0.480898,20,170.0
73,8.704,17,10,protocol,7.5,1700,31928,18.7812,6620,3754,0.5670689999999999,0.421534,0.360867,0.321621,0.293926,0.266011,0.238113,0.238113,0.238113,0.238113,0.480636,20,170.0
74,17.408,34,10,protocol,7.5,1700,35042,20.6129,6508,4057,0.623387,0.472971,0.397232,0.352322,0.32260700000000003,0.292475,0.261433,0.261433,0.261433,0.261433,0.480188,20,170.0
75,16.384,32,10,protocol,7.5,1700,29237,17.1982,6553,3661,0.558675,0.405572,0.33556,0.30295300000000003,0.273656,0.245863,0.218801,0.218801,0.218801,0.218801,0.479631,20,170.0
76,16.384,32,10,protocol,7.5,1700,32082,18.8718,6443,3741,0.58063,0.426983,0.360467,0.328192,0.300775,0.269635,0.240543,0.240543,0.240543,0.240543,0.478255,20,170.0
77,11.776,23,10,protocol,7.5,1700,33737,19.8453,6320,3865,0.6115510000000001,0.455618,0.380802,0.347764,0.317606,0.284163,0.252519,0.252519,0.252519,0.252519,0.478824,20,170.0
78,16.896,33,10,protocol,7.5,1700,39728,23.3694,5929,3912,0.659808,0.5109100000000001,0.440869,0.401758,0.368635,0.331876,0.297799,0.297799,0.297799,0.297799,0.478758,20,170.0
79,15.36,30,10,protocol,7.5,1700,35057,20.6218,5759,3621,0.6287550000000001,0.462003,0.393957,0.36034,0.330918,0.295124,0.263507,0.263507,0.263507,0.263507,0.477974,20,170.0
80,13.312,26,10,protocol,7.5,1700,32136,18.9035,5883,3601,0.612103,0.442922,0.371526,0.334414,0.303818,0.270085,0.24151,0.24151,0.24151,0.24151,0.477305,20,170.0
81,11.776,23,10,protocol,7.5,1700,30788,18.1106,5659,3386,0.5983390000000001,0.429761,0.353759,0.319871,0.288513,0.25808200000000003,0.230837,0.230837,0.230837,0.230837,0.476665,20,170.0
82,9.216,18,10,protocol,7.5,1700,32807,19.2982,5422,3289,0.606603,0.448508,0.380252,0.343422,0.309389,0.275613,0.245716,0.245716,0.245716,0.245716,0.475623,20,170.0
83,8.704,17,10,protocol,7.5,1700,31275,18.3971,5257,3132,0.595777,0.430163,0.362803,0.324085,0.292633,0.261566,0.234377,0.234377,0.234377,0.234377,0.47521,20,170.0
84,9.728,19,10,protocol,7.5,1700,29634,17.4318,5293,3005,0.567731,0.398607,0.334715,0.302823,0.276992,0.248813,0.222304,0.222304,0.222304,0.222304,0.47393,20,170.0
85,9.216,18,10,protocol,7.5,1700,33015,19.4206,5384,3219,0.5978829999999999,0.440169,0.369528,0.33565700000000004,0.307858,0.276585,0.247905,0.247905,0.247905,0.247905,0.472848,20,170.0
86,12.288,24,10,protocol,7.5,1700,32064,18.8612,5279,3152,0.597083,0.426246,0.361834,0.326301,0.298331,0.267905,0.240225,0.240225,0.240225,0.240225,0.473844,20,170.0
87,12.288,24,10,protocol,7.5,1700,34427,20.2512,5641,3550,0.629321,0.457591,0.387174,0.351431,0.322202,0.288769,0.257569,0.257569,0.257569,0.257569,0.473465,20,170.0
88,10.24,20,10,protocol,7.5,1700,29945,17.6147,5794,3275,0.56524,0.410537,0.342265,0.310473,0.28512,0.25290100000000004,0.223966,0.223966,0.223966,0.223966,0.473145,20,170.0
89,11.776,23,10,protocol,7.5,1700,36085,21.2265,5856,3700,0.631831,0.474883,0.40241,0.366395,0.337895,0.30196,0.269916,0.269916,0.269916,0.269916,0.472812,20,170.0
90,11.776,23,10,protocol,7.5,1700,31923,18.7782,5750,3521,0.612348,0.436302,0.366048,0.330121,0.302021,0.268328,0.238248,0.238248,0.238248,0.238248,0.471358,20,170.0
91,9.728,19,10,protocol,7.5,1700,36372,21.3953,5724,3497,0.6109359999999999,0.467762,0.402546,0.36759,0.339633,0.303994,0.270302,0.270302,0.270302,0.270302,0.472144,20,170.0
92,8.704,17,10,protocol,7.5,1700,41536,24.4329,5877,3735,0.635528,0.50585,0.441286,0.407176,0.37466,0.341433,0.30808,0.30808,0.30808,0.30808,0.473199,20,170.0
93,10.752,21,10,protocol,7.5,1700,39680,23.3412,6014,3744,0.6225470000000001,0.491014,0.422795,0.388714,0.358512,0.3272,0.293944,0.293944,0.293944,0.293944,0.474456,20,170.0
94,10.24,20,10,protocol,7.5,1700,35487,20.8747,6012,3752,0.624085,0.466205,0.39304,0.355451,0.32506,0.294791,0.262027,0.262027,0.262027,0.262027,0.475379,20,170.0
95,13.824000000000002,27,10,protocol,7.5,1700,33164,19.5082,5710,3326,0.582487,0.436036,0.372009,0.338976,0.308498,0.27685,0.244846,0.244846,0.244846,0.244846,0.474499,20,170.0
96,14.336,28,10,protocol,7.5,1700,30619,18.0112,5533,3067,0.554311,0.399186,0.335367,0.305804,0.28070500000000004,0.253871,0.226296,0.226296,0.226296,0.226296,0.47407,20,170.0
97,14.336,28,10,protocol,7.5,1700,35047,20.6159,5457,3359,0.61554,0.4539760000000001,0.386526,0.352605,0.322867,0.290593,0.259892,0.259892,0.259892,0.259892,0.4735970000000001,20,170.0
98,12.8,25,10,protocol,7.5,1700,31096,18.2918,5538,3398,0.613579,0.431567,0.352744,0.319865,0.290187,0.259169,0.230975,0.230975,0.230975,0.230975,0.472849,20,170.0
99,13.824000000000002,27,10,protocol,7.5,1700,32932,19.3718,5591,3407,0.609372,0.44648,0.374805,0.339597,0.308411,0.275017,0.244866,0.244866,0.244866,0.244866,0.472292,20,170.0
100,13.312,26,10,protocol,7.5,1700,31117,18.3041,5621,3171,0.564134,0.41999,0.35083400000000003,0.315981,0.290029,0.259156,0.232048,0.232048,0.232048,0.232048,0.471795,20,170.0
101,14.336,28,10,protocol,7.5,1700,31697,18.6453,5706,3410,0.597617,0.427468,0.357392,0.32352800000000004,0.295182,0.264245,0.236715,0.236715,0.236715,0.236715,0.471647,20,170.0
102,14.336,28,10,protocol,7.5,1700,30766,18.0976,5712,3349,0.58631,0.437099,0.35711,0.31742800000000004,0.286937,0.256945,0.22942,0.22942,0.22942,0.22942,0.470893,20,170.0
103,14.848,29,10,protocol,7.5,1700,31009,18.2406,5971,3457,0.578965,0.422162,0.35635100000000003,0.320128,0.29254,0.261108,0.231338,0.231338,0.231338,0.231338,0.469972,20,170.0
104,11.264,22,10,protocol,7.5,1700,32142,18.9071,5924,3626,0.612086,0.4513140000000001,0.379005,0.334943,0.302689,0.269666,0.239775,0.239775,0.239775,0.239775,0.469179,20,170.0
105,11.264,22,10,protocol,7.5,1700,32909,19.3582,5909,3585,0.6067020000000001,0.436387,0.369832,0.331724,0.305772,0.274029,0.245632,0.245632,0.245632,0.245632,0.469257,20,170.0
106,10.752,21,10,protocol,7.5,1700,33266,19.5682,5800,3698,0.637586,0.466429,0.387736,0.34142100000000003,0.311042,0.278046,0.248545,0.248545,0.248545,0.248545,0.469859,20,170.0
107,10.752,21,10,protocol,7.5,1700,35069,20.6288,5870,3779,0.643782,0.473083,0.399112,0.358079,0.327454,0.293692,0.262064,0.262064,0.262064,0.262064,0.470674,20,170.0
108,11.776,23,10,protocol,7.5,1700,30864,18.1553,5964,3530,0.591885,0.427088,0.357292,0.319261,0.29149899999999995,0.260175,0.230842,0.230842,0.230842,0.230842,0.4703850000000001,20,170.0
109,13.312,26,10,protocol,7.5,1700,36354,21.3847,6199,3896,0.628488,0.479399,0.411392,0.36962,0.33862800000000004,0.304917,0.272513,0.272513,0.272513,0.272513,0.470559,20,170.0
110,12.288,24,10,protocol,7.5,1700,31433,18.49,6237,3731,0.598204,0.441369,0.368422,0.327356,0.29972600000000005,0.266689,0.23629,0.23629,0.23629,0.23629,0.469665,20,170.0
111,9.728,19,10,protocol,7.5,1700,33800,19.8824,6180,3654,0.591262,0.459807,0.385698,0.344568,0.31498200000000004,0.283902,0.253669,0.253669,0.253669,0.253669,0.470409,20,170.0
112,8.192,16,10,protocol,7.5,1700,32697,19.2335,6172,3650,0.59138,0.441802,0.377056,0.338968,0.311076,0.277747,0.24574,0.24574,0.24574,0.24574,0.47005,20,170.0
113,13.312,26,10,protocol,7.5,1700,31362,18.4482,6078,3504,0.576505,0.433007,0.366653,0.326707,0.30045,0.26697600000000005,0.23713,0.23713,0.23713,0.23713,0.470045,20,170.0
114,14.336,28,10,protocol,7.5,1700,29537,17.3747,5971,3461,0.579635,0.427241,0.356259,0.314419,0.285012,0.25305300000000003,0.224005,0.224005,0.224005,0.224005,0.469293,20,170.0
115,12.288,24,10,protocol,7.5,1700,31295,18.4088,5979,3725,0.6230140000000001,0.44779,0.369342,0.329452,0.301304,0.268876,0.237902,0.237902,0.237902,0.237902,0.468484,20,170.0
116,11.776,23,10,protocol,7.5,1700,30353,17.8547,5835,3546,0.607712,0.4462060000000001,0.364295,0.32366500000000004,0.293144,0.261354,0.231169,0.231169,0.231169,0.231169,0.468112,20,170.0
117,12.288,24,10,protocol,7.5,1700,31090,18.2882,5825,3557,0.610644,0.445409,0.371345,0.332291,0.30051500000000003,0.267838,0.237039,0.237039,0.237039,0.237039,0.467621,20,170.0
118,12.8,25,10,protocol,7.5,1700,32494,19.1141,5990,3698,0.617362,0.4595,0.383636,0.339881,0.308276,0.277996,0.247824,0.247824,0.247824,0.247824,0.468467,20,170.0
119,12.288,24,10,protocol,7.5,1700,33229,19.5465,5852,3560,0.6083390000000001,0.459089,0.388075,0.347813,0.319227,0.286853,0.253717,0.253717,0.253717,0.253717,0.468062,20,170.0
120,12.288,24,10,protocol,7.5,1700,30471,17.9241,5743,3519,0.612746,0.448761,0.371707,0.325252,0.293953,0.262699,0.233492,0.233492,0.233492,0.233492,0.4678810000000001,20,170.0
121,15.36,30,10,protocol,7.5,1700,31287,18.4041,5817,3475,0.597387,0.441245,0.37266,0.331473,0.302342,0.270306,0.239415,0.239415,0.239415,0.239415,0.467255,20,170.0
122,12.8,25,10,protocol,7.5,1700,32961,19.3888,6015,3477,0.578055,0.454591,0.390594,0.349576,0.319216,0.284397,0.2521,0.2521,0.2521,0.2521,0.468131,20,170.0
123,12.288,24,10,protocol,7.5,1700,40936,24.08,6092,4116,0.67564,0.540216,0.46424,0.419855,0.387248,0.350161,0.312731,0.312731,0.312731,0.312731,0.468949,20,170.0
124,8.192,16,10,protocol,7.5,1700,34143,20.0841,6020,3874,0.643522,0.486646,0.409918,0.365381,0.32832,0.292553,0.260239,0.260239,0.260239,0.260239,0.470108,20,170.0
125,11.264,22,10,protocol,7.5,1700,42515,25.0088,6111,4215,0.6897399999999999,0.5547489999999999,0.479807,0.437983,0.401743,0.362859,0.323025,0.323025,0.323025,0.323025,0.471044,20,170.0
126,12.8,25,10,protocol,7.5,1700,33698,19.8224,6127,3815,0.622654,0.470037,0.397314,0.35246,0.318626,0.286335,0.256322,0.256322,0.256322,0.256322,0.4714140000000001,20,170.0
127,11.264,22,10,protocol,7.5,1700,32059,18.8582,5922,3620,0.61128,0.446674,0.377788,0.334897,0.304198,0.272188,0.243851,0.243851,0.243851,0.243851,0.47158,20,170.0
128,13.312,26,10,protocol,7.5,1700,36066,21.2153,5842,3584,0.6134890000000001,0.478062,0.410933,0.369098,0.337066,0.305524,0.27505100000000005,0.27505100000000005,0.27505100000000005,0.27505100000000005,0.4719100000000001,20,170.0
129,12.8,25,10,protocol,7.5,1700,30361,17.8594,5852,3321,0.567498,0.423686,0.355485,0.318078,0.287608,0.257845,0.231381,0.231381,0.231381,0.231381,0.472182,20,170.0
130,12.8,25,10,protocol,7.5,1700,32265,18.9794,5822,3522,0.604947,0.445514,0.373958,0.33728,0.307158,0.274338,0.245491,0.245491,0.245491,0.245491,0.472394,20,170.0
131,10.752,21,10,protocol,7.5,1700,32733,19.2547,5842,3572,0.611434,0.453024,0.385173,0.341968,0.309823,0.278463,0.248346,0.248346,0.248346,0.248346,0.472369,20,170.0
132,13.312,26,10,protocol,7.5,1700,38199,22.47,5927,3833,0.646702,0.500313,0.432892,0.391534,0.357843,0.324558,0.29017,0.29017,0.29017,0.29017,0.473138,20,170.0
133,13.824000000000002,27,10,protocol,7.5,1700,36558,21.5047,5883,3889,0.661057,0.494387,0.415843,0.373695,0.342573,0.310931,0.277743,0.277743,0.277743,0.277743,0.473173,20,170.0
134,8.704,17,10,protocol,7.5,1700,29233,17.1959,5862,3449,0.588366,0.423296,0.34875,0.311396,0.28210100000000005,0.250415,0.221997,0.221997,0.221997,0.221997,0.473755,20,170.0
135,15.872,31,10,protocol,7.5,1700,39196,23.0565,5867,3865,0.6587689999999999,0.5080640000000001,0.432175,0.39472,0.364358,0.33001,0.29680300000000004,0.29680300000000004,0.29680300000000004,0.29680300000000004,0.474522,20,170.0
136,12.288,24,10,protocol,7.5,1700,32928,19.3694,5777,3407,0.589752,0.447928,0.379703,0.34281300000000003,0.313296,0.279218,0.248548,0.248548,0.248548,0.248548,0.4749930000000001,20,170.0
137,15.872,31,10,protocol,7.5,1700,37354,21.9729,5831,3760,0.644829,0.493816,0.418109,0.379539,0.349879,0.314263,0.28109,0.28109,0.28109,0.28109,0.475712,20,170.0
138,16.384,32,10,protocol,7.5,1700,32017,18.8335,5951,3548,0.596202,0.449059,0.370371,0.33370900000000003,0.303086,0.27002600000000004,0.240525,0.240525,0.240525,0.240525,0.475137,20,170.0
139,19.456,38,10,protocol,7.5,1700,34579,20.3406,5975,3600,0.60251,0.46046,0.389953,0.353256,0.323203,0.28937,0.259389,0.259389,0.259389,0.259389,0.474616,20,170.0
140,15.36,30,10,protocol,7.5,1700,31420,18.4824,5995,3603,0.601001,0.442637,0.360731,0.320651,0.292439,0.262029,0.235001,0.235001,0.235001,0.235001,0.475,20,170.0
141,15.872,31,10,protocol,7.5,1700,34667,20.3924,6062,3694,0.60937,0.452395,0.379296,0.347091,0.320812,0.28808,0.258071,0.258071,0.258071,0.258071,0.475104,20,170.0
142,14.848,29,10,protocol,7.5,1700,35395,20.8206,6006,3736,0.622045,0.482812,0.402712,0.362317,0.33025,0.294258,0.262429,0.262429,0.262429,0.262429,0.47494,20,170.0
143,12.8,25,10,protocol,7.5,1700,32416,19.0682,6006,3595,0.598568,0.447353,0.367189,0.329729,0.30053,0.268959,0.23981,0.23981,0.23981,0.23981,0.474266,20,170.0
144,14.848,29,10,protocol,7.5,1700,30906,18.18,5886,3471,0.589704,0.431415,0.354119,0.315071,0.286649,0.255832,0.227728,0.227728,0.227728,0.227728,0.473379,20,170.0
145,12.288,24,10,protocol,7.5,1700,31934,18.7847,5825,3475,0.596567,0.439345,0.364899,0.32637,0.29633400000000004,0.263961,0.234658,0.234658,0.234658,0.234658,0.47255,20,170.0
146,9.728,19,10,protocol,7.5,1700,30838,18.14,5872,3337,0.56829,0.412775,0.345159,0.307018,0.27810100000000004,0.250888,0.225729,0.225729,0.225729,0.225729,0.4726,20,170.0
147,7.68,15,10,protocol,7.5,1700,31592,18.5835,5747,3250,0.565512,0.415448,0.34823200000000004,0.314359,0.287353,0.257671,0.2303010000000001,0.2303010000000001,0.2303010000000001,0.2303010000000001,0.473032,20,170.0
148,10.752,21,10,protocol,7.5,1700,37433,22.0194,5593,3549,0.6345430000000001,0.470793,0.4035510000000001,0.365655,0.33505,0.302443,0.272142,0.272142,0.272142,0.272142,0.4740430000000001,20,170.0
149,13.824000000000002,27,10,protocol,7.5,1700,31682,18.6365,5706,3209,0.56239,0.417785,0.352679,0.316512,0.28830900000000004,0.25760900000000003,0.229882,0.229882,0.229882,0.229882,0.474354,20,170.0
150,11.776,23,10,protocol,7.5,1700,36154,21.2671,5795,3453,0.595858,0.457653,0.382546,0.348119,0.322311,0.29233200000000004,0.26134,0.26134,0.26134,0.26134,0.474973,20,170.0
151,13.312,26,10,protocol,7.5,1700,32843,19.3194,6001,3536,0.5892350000000001,0.435242,0.362214,0.324538,0.296977,0.267032,0.237365,0.237365,0.237365,0.237365,0.474449,20,170.0
152,15.36,30,10,protocol,7.5,1700,34436,20.2565,6087,3687,0.6057170000000001,0.447754,0.376497,0.33881300000000003,0.311105,0.279511,0.248497,0.248497,0.248497,0.248497,0.474556,20,170.0
153,12.288,24,10,protocol,7.5,1700,37250,21.9118,6367,3999,0.6280819999999999,0.478891,0.40145,0.359626,0.331694,0.29985700000000004,0.268147,0.268147,0.268147,0.268147,0.474724,20,170.0
154,14.336,28,10,protocol,7.5,1700,33610,19.7706,6554,3911,0.596735,0.439723,0.364312,0.323432,0.298809,0.269165,0.2414,0.2414,0.2414,0.2414,0.47479,20,170.0
155,13.824000000000002,27,10,protocol,7.5,1700,32111,18.8888,6777,3973,0.586248,0.4385270000000001,0.356056,0.31452600000000003,0.287597,0.257373,0.230517,0.230517,0.230517,0.230517,0.474998,20,170.0
156,12.8,25,10,protocol,7.5,1700,33925,19.9559,6482,4093,0.631441,0.466107,0.381135,0.338766,0.307321,0.2734,0.24332,0.24332,0.24332,0.24332,0.474148,20,170.0
157,13.824000000000002,27,10,protocol,7.5,1700,34206,20.1212,6409,4187,0.6533,0.47601,0.387946,0.34125500000000003,0.309581,0.274841,0.245712,0.245712,0.245712,0.245712,0.473475,20,170.0
158,12.288,24,10,protocol,7.5,1700,33884,19.9318,6148,3873,0.629961,0.456448,0.371319,0.329532,0.29946100000000003,0.270617,0.243062,0.243062,0.243062,0.243062,0.473,20,170.0
159,12.288,24,10,protocol,7.5,1700,31050,18.2647,6275,3674,0.585498,0.415346,0.337474,0.302499,0.275192,0.2490570000000001,0.222136,0.222136,0.222136,0.222136,0.472937,20,170.0
160,10.752,21,10,protocol,7.5,1700,33764,19.8612,6344,3804,0.599622,0.439327,0.364335,0.32704,0.299426,0.27015,0.240858,0.240858,0.240858,0.240858,0.472391,20,170.0
161,13.312,26,10,protocol,7.5,1700,32248,18.9694,6232,3691,0.592266,0.421936,0.347585,0.311274,0.286521,0.25793,0.229846,0.229846,0.229846,0.229846,0.472359,20,170.0
162,13.312,26,10,protocol,7.5,1700,31910,18.7706,5991,3725,0.621766,0.4279850000000001,0.35041100000000003,0.31056300000000003,0.283682,0.25524600000000003,0.227895,0.227895,0.227895,0.227895,0.4720430000000001,20,170.0
163,13.824000000000002,27,10,protocol,7.5,1700,34344,20.2024,6054,3856,0.636934,0.4537640000000001,0.37897,0.336133,0.306834,0.274845,0.245685,0.245685,0.245685,0.245685,0.471495,20,170.0
164,11.264,22,10,protocol,7.5,1700,30102,17.7071,5828,3229,0.554049,0.394156,0.324264,0.29025,0.264717,0.239408,0.215619,0.215619,0.215619,0.215619,0.471933,20,170.0
165,9.216,18,10,protocol,7.5,1700,35143,20.6724,5882,3525,0.599286,0.4421,0.377004,0.33836700000000003,0.31239,0.280539,0.251512,0.251512,0.251512,0.251512,0.472666,20,170.0
166,19.968,39,10,protocol,7.5,1700,38904,22.8847,5943,3780,0.636042,0.479128,0.39667,0.364627,0.339443,0.30882800000000005,0.278645,0.278645,0.278645,0.278645,0.473474,20,170.0
167,13.824000000000002,27,10,protocol,7.5,1700,32242,18.9659,5956,3436,0.576897,0.408378,0.342591,0.308608,0.283432,0.25747,0.230887,0.230887,0.230887,0.230887,0.473793,20,170.0
168,15.872,31,10,protocol,7.5,1700,32148,18.9106,6012,3443,0.572688,0.401361,0.338363,0.308404,0.28664,0.257971,0.230525,0.230525,0.230525,0.230525,0.473808,20,170.0
169,18.432,36,10,protocol,7.5,1700,31436,18.4918,6022,3500,0.581202,0.406651,0.341386,0.30840700000000004,0.284302,0.253717,0.226016,0.226016,0.226016,0.226016,0.4732810000000001,20,170.0
170,17.408,34,10,protocol,7.5,1700,33385,19.6382,5892,3631,0.616259,0.443576,0.364794,0.32597,0.300166,0.26849,0.240798,0.240798,0.240798,0.240798,0.472908,20,170.0
171,18.944000000000006,37,10,protocol,7.5,1700,33275,19.5735,5838,3520,0.602946,0.438649,0.366336,0.327562,0.300642,0.26965900000000004,0.240548,0.240548,0.240548,0.240548,0.472809,20,170.0
172,21.504,42,10,protocol,7.5,1700,30358,17.8576,6178,3408,0.551635,0.393489,0.333272,0.30004000000000003,0.275595,0.246792,0.219691,0.219691,0.219691,0.219691,0.472317,20,170.0
173,13.312,26,10,protocol,7.5,1700,35234,20.7259,6362,3887,0.610971,0.460797,0.38632,0.346985,0.316904,0.285723,0.255393,0.255393,0.255393,0.255393,0.472836,20,170.0
174,23.04,45,10,protocol,7.5,1700,34884,20.52,6472,4117,0.636125,0.44952,0.373059,0.333878,0.305711,0.279686,0.253604,0.253604,0.253604,0.253604,0.472339,20,170.0
175,19.456,38,10,protocol,7.5,1700,32683,19.2253,6335,3877,0.611997,0.436911,0.366132,0.327121,0.297596,0.265968,0.238149,0.238149,0.238149,0.238149,0.47257,20,170.0
176,16.384,32,10,protocol,7.5,1700,35237,20.7276,6417,4015,0.625682,0.4717810000000001,0.398112,0.353013,0.321745,0.287281,0.25721900000000003,0.25721900000000003,0.25721900000000003,0.25721900000000003,0.472699,20,170.0
177,15.872,31,10,protocol,7.5,1700,30828,18.1341,6284,3782,0.601846,0.428878,0.355169,0.31132600000000005,0.282483,0.252479,0.225417,0.225417,0.225417,0.225417,0.472546,20,170.0
178,17.92,35,10,protocol,7.5,1700,38559,22.6818,6087,3919,0.643831,0.473475,0.408934,0.36792,0.340914,0.311377,0.28170300000000004,0.28170300000000004,0.28170300000000004,0.28170300000000004,0.472654,20,170.0
179,17.408,34,10,protocol,7.5,1700,31755,18.6794,6035,3540,0.5865779999999999,0.42789,0.360839,0.320187,0.292917,0.260723,0.232474,0.232474,0.232474,0.232474,0.472326,20,170.0
180,17.408,34,10,protocol,7.5,1700,38089,22.4053,5956,3720,0.62458,0.479299,0.4153560000000001,0.373812,0.343968,0.310151,0.279432,0.279432,0.279432,0.279432,0.472512,20,170.0
181,14.848,29,10,protocol,7.5,1700,31243,18.3782,5729,3597,0.627858,0.439076,0.362314,0.319858,0.288122,0.257148,0.229693,0.229693,0.229693,0.229693,0.471954,20,170.0
182,17.92,35,10,protocol,7.5,1700,34116,20.0682,5709,3439,0.602382,0.447787,0.377932,0.33694,0.309647,0.27994,0.251193,0.251193,0.251193,0.251193,0.4723100000000001,20,170.0
183,12.8,25,10,protocol,7.5,1700,35452,20.8541,5542,3471,0.626308,0.46963,0.390376,0.349062,0.320237,0.290068,0.262272,0.262272,0.262272,0.262272,0.472804,20,170.0
184,13.312,26,10,protocol,7.5,1700,38221,22.4829,5461,3590,0.657389,0.483187,0.412139,0.373272,0.345829,0.313861,0.28325500000000003,0.28325500000000003,0.28325500000000003,0.28325500000000003,0.473453,20,170.0
185,15.36,30,10,protocol,7.5,1700,31297,18.41,5302,3181,0.599962,0.428029,0.362566,0.322256,0.290941,0.259494,0.232098,0.232098,0.232098,0.232098,0.473073,20,170.0
186,14.336,28,10,protocol,7.5,1700,32122,18.8953,5270,3246,0.615939,0.4401229999999999,0.369462,0.326411,0.295657,0.265119,0.237437,0.237437,0.237437,0.237437,0.472631,20,170.0
187,14.336,28,10,protocol,7.5,1700,29679,17.4582,5242,3121,0.595383,0.414426,0.341652,0.30364,0.274452,0.245857,0.219138,0.219138,0.219138,0.219138,0.472262,20,170.0
188,13.312,26,10,protocol,7.5,1700,33995,19.9971,5365,3374,0.628891,0.4587310000000001,0.381666,0.342382,0.311024,0.280729,0.250365,0.250365,0.250365,0.250365,0.471675,20,170.0
189,12.288,24,10,protocol,7.5,1700,35452,20.8541,5512,3536,0.641509,0.46137,0.388843,0.351515,0.32185,0.292563,0.261234,0.261234,0.261234,0.261234,0.471596,20,170.0
190,11.776,23,10,protocol,7.5,1700,34075,20.0441,5328,3458,0.6490239999999999,0.452671,0.37921,0.340855,0.311657,0.281165,0.252022,0.252022,0.252022,0.252022,0.471032,20,170.0
191,8.192,16,10,protocol,7.5,1700,34346,20.2035,5350,3380,0.631776,0.455886,0.380098,0.342397,0.31355700000000003,0.28262800000000005,0.254068,0.254068,0.254068,0.254068,0.471123,20,170.0
192,6.6560000000000015,13,10,protocol,7.5,1700,39601,23.2947,5468,3643,0.6662399999999999,0.520562,0.436894,0.396578,0.362365,0.326083,0.292073,0.292073,0.292073,0.292073,0.471645,20,170.0
193,7.1679999999999975,14,10,protocol,7.5,1700,33913,19.9488,5437,3233,0.594629,0.4577310000000001,0.385117,0.346448,0.314893,0.281518,0.249648,0.249648,0.249648,0.249648,0.47224,20,170.0
194,6.144,12,10,protocol,7.5,1700,35824,21.0729,5617,3426,0.609934,0.472837,0.406045,0.3644,0.333522,0.297718,0.263118,0.263118,0.263118,0.263118,0.472776,20,170.0
195,5.12,10,10,protocol,7.5,1700,37719,22.1876,5761,3633,0.63062,0.496823,0.421116,0.382161,0.349595,0.313164,0.276433,0.276433,0.276433,0.276433,0.473369,20,170.0
196,6.6560000000000015,13,10,protocol,7.5,1700,40765,23.9794,5569,3734,0.670497,0.522111,0.450752,0.40497,0.371659,0.335499,0.298987,0.298987,0.298987,0.298987,0.4738560000000001,20,170.0
197,8.704,17,10,protocol,7.5,1700,36853,21.6782,5586,3601,0.644647,0.487565,0.418608,0.373582,0.339039,0.304347,0.269936,0.269936,0.269936,0.269936,0.4744890000000001,20,170.0
198,3.584,7,10,protocol,7.5,1700,37759,22.2112,5768,3619,0.6274270000000001,0.499047,0.423794,0.384925,0.351665,0.312254,0.276828,0.276828,0.276828,0.276828,0.475184,20,170.0
199,15.36,30,10,protocol,7.5,1700,43557,25.6218,5863,4117,0.7022,0.532572,0.458978,0.420565,0.389477,0.354072,0.319447,0.319447,0.319447,0.319447,0.475665,20,170.0
200,11.776,23,10,protocol,7.5,1700,35971,21.1594,5898,3612,0.6124109999999999,0.464437,0.395919,0.355017,0.32402800000000004,0.29271,0.263158,0.263158,0.263158,0.263158,0.476308,20,170.0
201,16.896,33,10,protocol,7.5,1700,41608,24.4753,5919,4016,0.678493,0.5286850000000001,0.452573,0.407268,0.373723,0.338217,0.30401300000000003,0.30401300000000003,0.30401300000000003,0.30401300000000003,0.476746,20,170.0
202,18.432,36,10,protocol,7.5,1700,36734,21.6082,5800,3609,0.6222409999999999,0.466096,0.396863,0.355891,0.324681,0.296336,0.268423,0.268423,0.268423,0.268423,0.4768439999999999,20,170.0
203,18.432,36,10,protocol,7.5,1700,36237,21.3159,5674,3549,0.6254850000000001,0.4628140000000001,0.387219,0.349128,0.320869,0.29222,0.26437,0.26437,0.26437,0.26437,0.476871,20,170.0
204,17.92,35,10,protocol,7.5,1700,32631,19.1947,5830,3429,0.5881649999999999,0.422086,0.354329,0.317112,0.289194,0.262777,0.238179,0.238179,0.238179,0.238179,0.476875,20,170.0
205,18.944000000000006,37,10,protocol,7.5,1700,31108,18.2988,6025,3655,0.606639,0.426602,0.35272800000000004,0.312152,0.281706,0.251962,0.226629,0.226629,0.226629,0.226629,0.476308,20,170.0
206,16.896,33,10,protocol,7.5,1700,32937,19.3747,6074,3812,0.6275930000000001,0.442903,0.366848,0.325459,0.295175,0.26535,0.239474,0.239474,0.239474,0.239474,0.475811,20,170.0
207,17.92,35,10,protocol,7.5,1700,32356,19.0329,6145,3865,0.628967,0.441082,0.366088,0.321653,0.292068,0.260886,0.23498,0.23498,0.23498,0.23498,0.475459,20,170.0
208,12.288,24,10,protocol,7.5,1700,31194,18.3494,6361,3557,0.559189,0.410196,0.341689,0.306398,0.279926,0.251444,0.226596,0.226596,0.226596,0.226596,0.475324,20,170.0
209,4.6080000000000005,9,10,protocol,7.5,1700,32035,18.8441,6369,3519,0.55252,0.426887,0.351952,0.31722100000000003,0.289041,0.25813600000000003,0.232881,0.232881,0.232881,0.232881,0.475917,20,170.0
210,8.192,16,10,protocol,7.5,1700,45473,26.7488,6319,4421,0.6996359999999999,0.565294,0.484443,0.436542,0.397603,0.362472,0.3309,0.3309,0.3309,0.3309,0.476373,20,170.0
211,11.264,22,10,protocol,7.5,1700,35659,20.9759,6427,3952,0.6149060000000001,0.462715,0.383028,0.344958,0.314182,0.28506,0.25955700000000004,0.25955700000000004,0.25955700000000004,0.25955700000000004,0.476946,20,170.0
212,10.752,21,10,protocol,7.5,1700,37158,21.8576,6715,4249,0.6327619999999999,0.471523,0.396928,0.356233,0.32816100000000004,0.297449,0.270099,0.270099,0.270099,0.270099,0.476817,20,170.0
213,10.752,21,10,protocol,7.5,1700,31518,18.54,6914,3981,0.575788,0.421962,0.346921,0.310854,0.28265100000000004,0.253894,0.229364,0.229364,0.229364,0.229364,0.477094,20,170.0
214,12.8,25,10,protocol,7.5,1700,32794,19.2906,6944,4086,0.588422,0.431717,0.35633200000000004,0.31557,0.289835,0.26296,0.239191,0.239191,0.239191,0.239191,0.476678,20,170.0
215,10.752,21,10,protocol,7.5,1700,33828,19.8988,6793,3839,0.565141,0.4309560000000001,0.365323,0.327289,0.298923,0.271253,0.246361,0.246361,0.246361,0.246361,0.477695,20,170.0
216,14.336,28,10,protocol,7.5,1700,38248,22.4988,6722,4304,0.640286,0.48837,0.405546,0.365606,0.336293,0.306045,0.278996,0.278996,0.278996,0.278996,0.4778810000000001,20,170.0
217,13.824000000000002,27,10,protocol,7.5,1700,36067,21.2159,6686,4203,0.628627,0.467602,0.388756,0.349237,0.319873,0.288928,0.262872,0.262872,0.262872,0.262872,0.477953,20,170.0
218,14.336,28,10,protocol,7.5,1700,33892,19.9365,6462,4053,0.627205,0.4606560000000001,0.379978,0.336399,0.304688,0.272992,0.246359,0.246359,0.246359,0.246359,0.477509,20,170.0
219,11.264,22,10,protocol,7.5,1700,33476,19.6918,6385,3809,0.596554,0.443529,0.365847,0.32521500000000003,0.298345,0.268896,0.242227,0.242227,0.242227,0.242227,0.477262,20,170.0
220,13.824000000000002,27,10,protocol,7.5,1700,40370,23.7471,6306,4156,0.6590550000000001,0.498705,0.425661,0.3829550000000001,0.35265100000000005,0.322656,0.291977,0.291977,0.291977,0.291977,0.477495,20,170.0
221,12.288,24,10,protocol,7.5,1700,34326,20.1918,6194,3713,0.5994510000000001,0.4330479999999999,0.366534,0.330492,0.30429,0.27542,0.248183,0.248183,0.248183,0.248183,0.476977,20,170.0
222,12.288,24,10,protocol,7.5,1700,31778,18.6929,6033,3543,0.58727,0.41437,0.348366,0.309635,0.280469,0.253705,0.229488,0.229488,0.229488,0.229488,0.476417,20,170.0
223,11.264,22,10,protocol,7.5,1700,35964,21.1553,6018,3562,0.591891,0.4497140000000001,0.384317,0.346143,0.315448,0.286344,0.258943,0.258943,0.258943,0.258943,0.476922,20,170.0
224,10.752,21,10,protocol,7.5,1700,34367,20.2159,5898,3333,0.565107,0.427038,0.365614,0.33253,0.30398400000000003,0.274337,0.247428,0.247428,0.247428,0.247428,0.477541,20,170.0
225,13.312,26,10,protocol,7.5,1700,34298,20.1753,5843,3579,0.612528,0.43535,0.368181,0.333311,0.30271,0.273516,0.246857,0.246857,0.246857,0.246857,0.478142,20,170.0
226,13.824000000000002,27,10,protocol,7.5,1700,36931,21.7241,5837,3717,0.6368,0.458626,0.389063,0.35257,0.32167,0.293399,0.26556,0.26556,0.26556,0.26556,0.478348,20,170.0
227,12.8,25,10,protocol,7.5,1700,31538,18.5518,5948,3389,0.569771,0.403826,0.336109,0.299068,0.27446,0.249421,0.226025,0.226025,0.226025,0.226025,0.478821,20,170.0
228,15.36,30,10,protocol,7.5,1700,31024,18.2494,6099,3429,0.5622229999999999,0.396575,0.33386,0.299199,0.272995,0.245863,0.222608,0.222608,0.222608,0.222608,0.478695,20,170.0
229,15.36,30,10,protocol,7.5,1700,34220,20.1294,6248,3637,0.582106,0.4265100000000001,0.364259,0.328737,0.302321,0.271102,0.245449,0.245449,0.245449,0.245449,0.47834,20,170.0
230,13.824000000000002,27,10,protocol,7.5,1700,34836,20.4918,6259,3797,0.606646,0.439366,0.377103,0.339327,0.309992,0.27660300000000004,0.249769,0.249769,0.249769,0.249769,0.477897,20,170.0
231,16.384,32,10,protocol,7.5,1700,31964,18.8024,6374,3603,0.565265,0.405468,0.341983,0.307496,0.281532,0.25295300000000004,0.228765,0.228765,0.228765,0.228765,0.477412,20,170.0
232,17.92,35,10,protocol,7.5,1700,33844,19.9082,6219,3795,0.6102270000000001,0.438871,0.365748,0.326694,0.297724,0.267621,0.24183,0.24183,0.24183,0.24183,0.477022,20,170.0
233,15.872,31,10,protocol,7.5,1700,32099,18.8818,6426,3699,0.57563,0.40076,0.33471100000000004,0.303916,0.278532,0.25261300000000003,0.228822,0.228822,0.228822,0.228822,0.476505,20,170.0
234,15.36,30,10,protocol,7.5,1700,31329,18.4288,6469,3775,0.5835520000000001,0.411735,0.341057,0.302919,0.275936,0.247436,0.223138,0.223138,0.223138,0.223138,0.475913,20,170.0
235,9.728,19,10,protocol,7.5,1700,30453,17.9135,6409,3619,0.564675,0.40297,0.334358,0.296545,0.269677,0.241905,0.217209,0.217209,0.217209,0.217209,0.476564,20,170.0
236,8.704,17,10,protocol,7.5,1700,35033,20.6076,6394,3754,0.587113,0.441633,0.372864,0.334381,0.304915,0.276289,0.250236,0.250236,0.250236,0.250236,0.47724,20,170.0
237,11.776,23,10,protocol,7.5,1700,35196,20.7035,6356,3812,0.599748,0.432295,0.367542,0.335971,0.306332,0.278135,0.251072,0.251072,0.251072,0.251072,0.4779310000000001,20,170.0
238,11.776,23,10,protocol,7.5,1700,33636,19.7859,6237,3447,0.55267,0.408503,0.347033,0.316717,0.290527,0.264494,0.239628,0.239628,0.239628,0.239628,0.478062,20,170.0
239,12.288,24,10,protocol,7.5,1700,36495,21.4676,6424,3700,0.575965,0.434437,0.375447,0.343901,0.316864,0.288119,0.260121,0.260121,0.260121,0.260121,0.478004,20,170.0
240,8.704,17,10,protocol,7.5,1700,40527,23.8394,6470,4020,0.621329,0.4682270000000001,0.405023,0.373747,0.346756,0.318762,0.289367,0.289367,0.289367,0.289367,0.478094,20,170.0
241,11.776,23,10,protocol,7.5,1700,32411,19.0653,6659,3722,0.5589430000000001,0.401691,0.344345,0.310234,0.283613,0.257517,0.231939,0.231939,0.231939,0.231939,0.477809,20,170.0
242,11.264,22,10,protocol,7.5,1700,32920,19.3647,6686,3764,0.562967,0.4052,0.35036100000000003,0.318125,0.29221,0.26374000000000003,0.236136,0.236136,0.236136,0.236136,0.477251,20,170.0
243,4.6080000000000005,9,10,protocol,7.5,1700,30295,17.8206,6665,3413,0.5120779999999999,0.382175,0.328674,0.296634,0.27033,0.243198,0.218011,0.218011,0.218011,0.218011,0.4775970000000001,20,170.0
244,4.096,8,10,protocol,7.5,1700,37515,22.0676,6707,3984,0.594006,0.467798,0.400615,0.365382,0.33495,0.30151,0.269898,0.269898,0.269898,0.269898,0.478108,20,170.0
245,6.6560000000000015,13,10,protocol,7.5,1700,37258,21.9165,6602,3857,0.584217,0.458413,0.399721,0.364727,0.335512,0.301279,0.268369,0.268369,0.268369,0.268369,0.478621,20,170.0
246,10.24,20,10,protocol,7.5,1700,42121,24.7771,6371,4156,0.652331,0.518288,0.445617,0.406757,0.374675,0.339358,0.304051,0.304051,0.304051,0.304051,0.479087,20,170.0
247,14.336,28,10,protocol,7.5,1700,39200,23.0588,6347,3999,0.630061,0.476313,0.415786,0.380605,0.349493,0.316127,0.283804,0.283804,0.283804,0.283804,0.479548,20,170.0
248,17.92,35,10,protocol,7.5,1700,37365,21.9794,6562,3970,0.6049979999999999,0.453517,0.389407,0.355313,0.329387,0.300005,0.270988,0.270988,0.270988,0.270988,0.4794850000000001,20,170.0
249,13.312,26,10,protocol,7.5,1700,34298,20.1753,6481,3637,0.561179,0.428423,0.368274,0.334581,0.308229,0.277244,0.248302,0.248302,0.248302,0.248302,0.479724,20,170.0
250,17.408,34,10,protocol,7.5,1700,34568,20.3341,6376,3685,0.5779489999999999,0.4305229999999999,0.364401,0.333021,0.308217,0.278878,0.2498340000000001,0.2498340000000001,0.2498340000000001,0.2498340000000001,0.479633,20,170.0
251,16.384,32,10,protocol,7.5,1700,32719,19.2465,6449,3772,0.584897,0.433698,0.362496,0.324827,0.296385,0.264953,0.236108,0.236108,0.236108,0.236108,0.479242,20,170.0
252,16.896,33,10,protocol,7.5,1700,34784,20.4612,6387,3755,0.587913,0.439597,0.370373,0.339441,0.310922,0.280855,0.250299,0.250299,0.250299,0.250299,0.47913,20,170.0
253,14.336,28,10,protocol,7.5,1700,36065,21.2147,6368,3725,0.584956,0.434523,0.373043,0.342258,0.316463,0.287143,0.259069,0.259069,0.259069,0.259069,0.479405,20,170.0
254,15.872,31,10,protocol,7.5,1700,42975,25.2794,6177,4004,0.648211,0.506171,0.435843,0.401175,0.371637,0.340318,0.308156,0.308156,0.308156,0.308156,0.479821,20,170.0
255,18.944000000000006,37,10,protocol,7.5,1700,34411,20.2418,6029,3618,0.6001,0.435431,0.368401,0.333204,0.30385300000000004,0.273891,0.246331,0.246331,0.246331,0.246331,0.480059,20,170.0
256,18.944000000000006,37,10,protocol,7.5,1700,32779,19.2818,6096,3480,0.570866,0.417235,0.352122,0.316619,0.290559,0.261372,0.234086,0.234086,0.234086,0.234086,0.479747,20,170.0
257,13.824000000000002,27,10,protocol,7.5,1700,34542,20.3188,6158,3543,0.575349,0.4182520000000001,0.358993,0.325483,0.30126,0.273879,0.24630700000000005,0.24630700000000005,0.24630700000000005,0.24630700000000005,0.479783,20,170.0
258,18.432,36,10,protocol,7.5,1700,35306,20.7682,6118,3527,0.576496,0.424392,0.363343,0.33368400000000004,0.30709200000000003,0.278605,0.25157,0.25157,0.25157,0.25157,0.479668,20,170.0
259,16.384,32,10,protocol,7.5,1700,31390,18.4647,6151,3526,0.57324,0.402403,0.336003,0.30297,0.276858,0.249053,0.223425,0.223425,0.223425,0.223425,0.479177,20,170.0
260,15.872,31,10,protocol,7.5,1700,32043,18.8488,6261,3573,0.5706760000000001,0.407401,0.341134,0.30893200000000004,0.283095,0.255033,0.227717,0.227717,0.227717,0.227717,0.478846,20,170.0
261,10.752,21,10,protocol,7.5,1700,38043,22.3782,6293,3665,0.582393,0.4420020000000001,0.382234,0.354799,0.32804,0.299868,0.269933,0.269933,0.269933,0.269933,0.478821,20,170.0
262,12.8,25,10,protocol,7.5,1700,34606,20.3565,6232,3539,0.567875,0.417875,0.35472800000000004,0.324472,0.299323,0.27331500000000003,0.246184,0.246184,0.246184,0.246184,0.4793850000000001,20,170.0
263,14.848,29,10,protocol,7.5,1700,32725,19.25,6120,3464,0.566013,0.409921,0.347507,0.31695300000000004,0.288609,0.260235,0.233129,0.233129,0.233129,0.233129,0.479143,20,170.0
264,10.24,20,10,protocol,7.5,1700,29609,17.4171,5998,3291,0.548683,0.380402,0.320973,0.29067600000000005,0.264363,0.236195,0.210973,0.210973,0.210973,0.210973,0.479057,20,170.0
265,6.144,12,10,protocol,7.5,1700,35845,21.0853,6141,3625,0.590295,0.448074,0.384342,0.348558,0.318299,0.285519,0.255292,0.255292,0.255292,0.255292,0.479598,20,170.0
266,9.728,19,10,protocol,7.5,1700,36891,21.7006,6335,3698,0.583741,0.442023,0.38414,0.348774,0.322984,0.292662,0.262452,0.262452,0.262452,0.262452,0.480081,20,170.0
267,14.336,28,10,protocol,7.5,1700,41841,24.6124,6371,4085,0.641187,0.4959770000000001,0.428541,0.3905,0.361755,0.330335,0.298114,0.298114,0.298114,0.298114,0.480477,20,170.0
268,16.896,33,10,protocol,7.5,1700,37879,22.2818,6421,3986,0.620776,0.450507,0.386662,0.354432,0.32864,0.30037600000000003,0.269859,0.269859,0.269859,0.269859,0.480375,20,170.0
269,5.12,10,10,protocol,7.5,1700,27173,15.9841,6485,2656,0.409561,0.33434899999999995,0.287952,0.266891,0.245271,0.219434,0.19374,0.19374,0.19374,0.19374,0.480686,20,170.0
270,8.192,16,10,protocol,7.5,1700,38053,22.3841,6337,3848,0.6072270000000001,0.480282,0.409999,0.369571,0.337481,0.303726,0.271043,0.271043,0.271043,0.271043,0.481081,20,170.0
271,9.216,18,10,protocol,7.5,1700,37757,22.21,6445,3738,0.579984,0.445303,0.388679,0.355121,0.329425,0.299521,0.26867800000000003,0.26867800000000003,0.26867800000000003,0.26867800000000003,0.481526,20,170.0
272,12.8,25,10,protocol,7.5,1700,43702,25.7071,6429,4089,0.6360239999999999,0.513709,0.450067,0.41098,0.378675,0.343843,0.311424,0.311424,0.311424,0.311424,0.48182,20,170.0
273,18.432,36,10,protocol,7.5,1700,41222,24.2482,6427,4095,0.6371560000000001,0.472164,0.409959,0.376734,0.351732,0.322691,0.293422,0.293422,0.293422,0.293422,0.48204,20,170.0
274,14.848,29,10,protocol,7.5,1700,39418,23.1871,6435,3973,0.617405,0.459467,0.39389,0.361748,0.337671,0.30882600000000004,0.280029,0.280029,0.280029,0.280029,0.481879,20,170.0
275,14.848,29,10,protocol,7.5,1700,33883,19.9312,6370,3733,0.586028,0.413339,0.35125300000000004,0.319281,0.29544000000000004,0.266894,0.240016,0.240016,0.240016,0.240016,0.481855,20,170.0
276,28.16,55,10,protocol,7.5,1700,35238,20.7282,6130,3628,0.591843,0.423054,0.361771,0.330511,0.3045,0.276267,0.249356,0.249356,0.249356,0.249356,0.481627,20,170.0
277,17.408,34,10,protocol,7.5,1700,33186,19.5212,5894,3334,0.56566,0.40192,0.339581,0.309665,0.286158,0.259558,0.234035,0.234035,0.234035,0.234035,0.4812520000000001,20,170.0
278,18.944000000000006,37,10,protocol,7.5,1700,33433,19.6665,5755,3183,0.553084,0.396582,0.33959,0.310421,0.28612,0.260768,0.235239,0.235239,0.235239,0.235239,0.481144,20,170.0
279,17.92,35,10,protocol,7.5,1700,31950,18.7941,5833,3240,0.5554600000000001,0.385165,0.327882,0.297292,0.274272,0.248895,0.224445,0.224445,0.224445,0.224445,0.480724,20,170.0
280,8.192,16,10,protocol,7.5,1700,28091,16.5241,6151,3151,0.512274,0.35642,0.301265,0.270456,0.247091,0.220836,0.196793,0.196793,0.196793,0.196793,0.480972,20,170.0
281,11.776,23,10,protocol,7.5,1700,38187,22.4629,6284,3734,0.594208,0.451713,0.386792,0.34903,0.321353,0.294582,0.267344,0.267344,0.267344,0.267344,0.481322,20,170.0
282,11.776,23,10,protocol,7.5,1700,36093,21.2312,6246,3711,0.59414,0.439957,0.372669,0.337427,0.310444,0.280866,0.252512,0.252512,0.252512,0.252512,0.481784,20,170.0
283,18.944000000000006,37,10,protocol,7.5,1700,40574,23.8671,6297,3927,0.62363,0.470077,0.405972,0.371215,0.34204,0.313637,0.283692,0.283692,0.283692,0.283692,0.482256,20,170.0
284,19.968,39,10,protocol,7.5,1700,34714,20.42,6392,3582,0.560388,0.41495,0.35141,0.321761,0.297601,0.268326,0.242576,0.242576,0.242576,0.242576,0.482104,20,170.0
285,17.92,35,10,protocol,7.5,1700,34383,20.2253,6539,3456,0.528521,0.402226,0.34712600000000005,0.316017,0.291387,0.26473,0.240483,0.240483,0.240483,0.240483,0.482322,20,170.0
286,16.384,32,10,protocol,7.5,1700,42841,25.2006,6453,3979,0.6166119999999999,0.479274,0.417938,0.386164,0.360081,0.329079,0.299258,0.299258,0.299258,0.299258,0.482545,20,170.0
287,16.384,32,10,protocol,7.5,1700,33850,19.9118,6395,3633,0.5681,0.413627,0.35193,0.316277,0.289264,0.261025,0.23611,0.23611,0.23611,0.23611,0.48243,20,170.0
288,16.384,32,10,protocol,7.5,1700,35477,20.8688,6462,3784,0.585577,0.415425,0.357196,0.325604,0.302336,0.272497,0.247246,0.247246,0.247246,0.247246,0.482175,20,170.0
289,16.896,33,10,protocol,7.5,1700,34611,20.3594,6791,3955,0.582388,0.4239520000000001,0.35790700000000003,0.321257,0.295634,0.266285,0.240877,0.240877,0.240877,0.240877,0.4819479999999999,20,170.0
290,18.432,36,10,protocol,7.5,1700,36392,21.4071,6861,3865,0.563329,0.419057,0.360045,0.32892,0.307346,0.278766,0.25276,0.25276,0.25276,0.25276,0.482026,20,170.0
291,10.752,21,10,protocol,7.5,1700,29524,17.3671,6900,3540,0.513043,0.374872,0.314204,0.281017,0.257144,0.228307,0.204727,0.204727,0.204727,0.204727,0.482228,20,170.0
292,22.528,44,10,protocol,7.5,1700,42002,24.7071,6793,4222,0.621522,0.473565,0.410861,0.373674,0.347875,0.318261,0.291373,0.291373,0.291373,0.291373,0.482123,20,170.0
293,18.944000000000006,37,10,protocol,7.5,1700,34759,20.4465,6774,3873,0.571745,0.420596,0.35746999999999995,0.322941,0.29681,0.267288,0.240995,0.240995,0.240995,0.240995,0.481744,20,170.0
294,17.92,35,10,protocol,7.5,1700,31538,18.5518,6753,3630,0.537539,0.385428,0.322893,0.291441,0.26713200000000004,0.241908,0.218592,0.218592,0.218592,0.218592,0.481656,20,170.0
295,16.384,32,10,protocol,7.5,1700,34993,20.5841,6766,3869,0.5718300000000001,0.42484,0.357955,0.321388,0.29548800000000003,0.268091,0.242741,0.242741,0.242741,0.242741,0.481405,20,170.0
296,16.384,32,10,protocol,7.5,1700,33121,19.4829,6755,3634,0.537972,0.397971,0.338302,0.304977,0.28123400000000004,0.254855,0.229859,0.229859,0.229859,0.229859,0.481063,20,170.0
297,16.896,33,10,protocol,7.5,1700,34454,20.2671,6798,3763,0.553545,0.419479,0.355731,0.318521,0.29327800000000004,0.265719,0.239051,0.239051,0.239051,0.239051,0.480821,20,170.0
298,14.848,29,10,protocol,7.5,1700,32737,19.2571,6763,3564,0.526985,0.398273,0.334121,0.299239,0.275993,0.251397,0.227235,0.227235,0.227235,0.227235,0.481249,20,170.0
299,12.288,24,10,protocol,7.5,1700,32230,18.9588,6629,3489,0.526324,0.394899,0.334417,0.298264,0.27463000000000004,0.248872,0.22374,0.22374,0.22374,0.22374,0.481677,20,170.0
300,12.8,25,10,protocol,7.5,1700,41701,24.53,6491,3926,0.604837,0.460929,0.407874,0.376637,0.35252,0.321894,0.289575,0.289575,0.289575,0.289575,0.481845,20,170.0
301,12.288,24,10,protocol,7.5,1700,34217,20.1276,6280,3573,0.5689489999999999,0.418809,0.354373,0.318794,0.293217,0.265484,0.237891,0.237891,0.237891,0.237891,0.481765,20,170.0
302,23.552,46,10,protocol,7.5,1700,41631,24.4888,6249,3873,0.619779,0.465214,0.401021,0.371363,0.347368,0.318716,0.290365,0.290365,0.290365,0.290365,0.4819350000000001,20,170.0
303,13.312,26,10,protocol,7.5,1700,32987,19.4041,6281,3515,0.559624,0.407092,0.343675,0.309388,0.282964,0.255134,0.23069,0.23069,0.23069,0.23069,0.481749,20,170.0
304,14.848,29,10,protocol,7.5,1700,41539,24.4347,6444,3909,0.606611,0.46852,0.408156,0.377127,0.351644,0.32124,0.289899,0.289899,0.289899,0.289899,0.482107,20,170.0
305,19.456,38,10,protocol,7.5,1700,34294,20.1729,6248,3782,0.605314,0.4290020000000001,0.359271,0.32071900000000003,0.29490500000000003,0.265466,0.239279,0.239279,0.239279,0.239279,0.481766,20,170.0
306,15.872,31,10,protocol,7.5,1700,32652,19.2071,6266,3267,0.521385,0.386958,0.3305,0.296375,0.275729,0.25163800000000003,0.228204,0.228204,0.228204,0.228204,0.48219,20,170.0
307,19.968,39,10,protocol,7.5,1700,33674,19.8082,6479,3735,0.5764779999999999,0.415697,0.350612,0.318159,0.292527,0.262524,0.235784,0.235784,0.235784,0.235784,0.481754,20,170.0
308,15.872,31,10,protocol,7.5,1700,30996,18.2329,6392,3587,0.56117,0.392114,0.322097,0.28841,0.265822,0.240692,0.217674,0.217674,0.217674,0.217674,0.481401,20,170.0
309,18.432,36,10,protocol,7.5,1700,42590,25.0529,6427,4136,0.6435350000000001,0.496285,0.420966,0.385146,0.35993200000000003,0.330019,0.299702,0.299702,0.299702,0.299702,0.481653,20,170.0
310,12.8,25,10,protocol,7.5,1700,37457,22.0335,6462,3759,0.581708,0.4273270000000001,0.370479,0.340439,0.31924600000000003,0.29259,0.264651,0.264651,0.264651,0.264651,0.48203,20,170.0
311,7.68,15,10,protocol,7.5,1700,36514,21.4788,6616,3768,0.5695279999999999,0.438254,0.379045,0.347816,0.321277,0.28911,0.259169,0.259169,0.259169,0.259169,0.4824310000000001,20,170.0
312,11.264,22,10,protocol,7.5,1700,43917,25.8335,6579,4296,0.652987,0.517012,0.445368,0.406502,0.378746,0.345411,0.31306300000000004,0.31306300000000004,0.31306300000000004,0.31306300000000004,0.482737,20,170.0
313,10.752,21,10,protocol,7.5,1700,36942,21.7306,6451,3761,0.58301,0.44234,0.378686,0.346357,0.321126,0.29201900000000003,0.264093,0.264093,0.264093,0.264093,0.483109,20,170.0
314,14.336,28,10,protocol,7.5,1700,43904,25.8259,6372,3995,0.626962,0.493003,0.436854,0.404135,0.379035,0.347051,0.314889,0.314889,0.314889,0.314889,0.483405,20,170.0
315,11.264,22,10,protocol,7.5,1700,36850,21.6765,6477,3606,0.556739,0.4345890000000001,0.382014,0.351484,0.324983,0.294902,0.265196,0.265196,0.265196,0.265196,0.483735,20,170.0
316,14.336,28,10,protocol,7.5,1700,43630,25.6647,6367,4204,0.66028,0.5150170000000001,0.450659,0.417328,0.386016,0.350102,0.315011,0.315011,0.315011,0.315011,0.48407,20,170.0
317,14.336,28,10,protocol,7.5,1700,39440,23.2,6177,3812,0.617128,0.469098,0.40775,0.377546,0.350986,0.318022,0.285783,0.285783,0.285783,0.285783,0.484392,20,170.0
318,14.848,29,10,protocol,7.5,1700,34695,20.4088,5922,3341,0.564168,0.416374,0.362441,0.334438,0.308918,0.279932,0.251806,0.251806,0.251806,0.251806,0.484403,20,170.0
319,16.384,32,10,protocol,7.5,1700,35802,21.06,6087,3537,0.581074,0.433608,0.375722,0.345409,0.318842,0.289725,0.259904,0.259904,0.259904,0.259904,0.484266,20,170.0
320,16.384,32,10,protocol,7.5,1700,32612,19.1835,6087,3375,0.5544600000000001,0.405558,0.349604,0.31877,0.29401900000000003,0.265353,0.237527,0.237527,0.237527,0.237527,0.484024,20,170.0
321,16.896,33,10,protocol,7.5,1700,32752,19.2659,6167,3543,0.574509,0.423818,0.356979,0.324982,0.298997,0.268264,0.239786,0.239786,0.239786,0.239786,0.483917,20,170.0
322,15.872,31,10,protocol,7.5,1700,33746,19.8506,6054,3356,0.554344,0.410188,0.356655,0.33092,0.306821,0.27698,0.248357,0.248357,0.248357,0.248357,0.48368,20,170.0
323,16.384,32,10,protocol,7.5,1700,31784,18.6965,6086,3470,0.5701609999999999,0.419474,0.35575500000000004,0.320714,0.292244,0.262149,0.234278,0.234278,0.234278,0.234278,0.483393,20,170.0
324,16.384,32,10,protocol,7.5,1700,32416,19.0682,6027,3499,0.580554,0.418755,0.354695,0.322866,0.298037,0.267345,0.238892,0.238892,0.238892,0.238892,0.482983,20,170.0
325,15.872,31,10,protocol,7.5,1700,33911,19.9476,5837,3413,0.5847180000000001,0.431233,0.367768,0.335444,0.310323,0.279302,0.249746,0.249746,0.249746,0.249746,0.4825430000000001,20,170.0
326,16.384,32,10,protocol,7.5,1700,34132,20.0776,5743,3368,0.586453,0.4209729999999999,0.36304,0.33338,0.310377,0.28015500000000004,0.25156300000000004,0.25156300000000004,0.25156300000000004,0.25156300000000004,0.482218,20,170.0
327,14.336,28,10,protocol,7.5,1700,37877,22.2806,5757,3408,0.591975,0.452254,0.393866,0.363999,0.339593,0.308912,0.278858,0.278858,0.278858,0.278858,0.482557,20,170.0
328,7.1679999999999975,14,10,protocol,7.5,1700,30821,18.13,5602,2995,0.53463,0.400462,0.34798,0.318881,0.292769,0.256471,0.226564,0.226564,0.226564,0.226564,0.483098,20,170.0
329,6.6560000000000015,13,10,protocol,7.5,1700,24255,14.2676,5485,2622,0.478031,0.341411,0.284877,0.254874,0.230758,0.201765,0.177504,0.177504,0.177504,0.177504,0.483738,20,170.0
330,14.848,29,10,protocol,7.5,1700,33411,19.6535,5215,3050,0.584851,0.42444,0.361407,0.327973,0.303591,0.273404,0.244097,0.244097,0.244097,0.244097,0.484253,20,170.0
331,12.288,24,10,protocol,7.5,1700,32226,18.9565,5237,3028,0.578194,0.409663,0.348222,0.314447,0.29020300000000004,0.262428,0.235066,0.235066,0.235066,0.235066,0.484421,20,170.0
332,10.24,20,10,protocol,7.5,1700,36060,21.2118,5381,3082,0.572756,0.441496,0.382716,0.351662,0.325658,0.293368,0.262855,0.262855,0.262855,0.262855,0.484633,20,170.0
333,16.384,32,10,protocol,7.5,1700,45038,26.4929,5585,3792,0.678962,0.5375850000000001,0.471453,0.436422,0.404329,0.36505,0.328271,0.328271,0.328271,0.328271,0.484916,20,170.0
334,12.8,25,10,protocol,7.5,1700,41564,24.4494,5638,3565,0.632316,0.497367,0.435303,0.401658,0.373159,0.336888,0.302425,0.302425,0.302425,0.302425,0.485173,20,170.0
335,10.24,20,10,protocol,7.5,1700,40038,23.5518,5840,3760,0.643836,0.4910479999999999,0.419175,0.383934,0.354563,0.32253200000000004,0.291431,0.291431,0.291431,0.291431,0.485417,20,170.0
336,11.776,23,10,protocol,7.5,1700,37222,21.8953,5874,3540,0.6026560000000001,0.449573,0.38463,0.351485,0.32560900000000004,0.297478,0.27039,0.27039,0.27039,0.27039,0.485692,20,170.0
337,15.872,31,10,protocol,7.5,1700,34130,20.0765,5761,3445,0.597986,0.425362,0.357739,0.323755,0.298539,0.272768,0.2472530000000001,0.2472530000000001,0.2472530000000001,0.2472530000000001,0.485605,20,170.0
338,14.336,28,10,protocol,7.5,1700,33840,19.9059,5704,3270,0.573282,0.414832,0.353706,0.325649,0.300736,0.27160700000000004,0.244158,0.244158,0.244158,0.244158,0.485663,20,170.0
339,19.968,39,10,protocol,7.5,1700,38267,22.51,5629,3569,0.634038,0.4662810000000001,0.394521,0.357673,0.332023,0.30375,0.275419,0.275419,0.275419,0.275419,0.4855100000000001,20,170.0
340,14.848,29,10,protocol,7.5,1700,30873,18.1606,5582,3148,0.563956,0.393898,0.330936,0.298703,0.272974,0.245797,0.221478,0.221478,0.221478,0.221478,0.485378,20,170.0
341,19.456,38,10,protocol,7.5,1700,37549,22.0876,5637,3353,0.59482,0.44552,0.388044,0.355216,0.327753,0.29735300000000003,0.268666,0.268666,0.268666,0.268666,0.485334,20,170.0
342,18.432,36,10,protocol,7.5,1700,33342,19.6129,6092,3538,0.580762,0.401368,0.343493,0.31286,0.290351,0.263189,0.237852,0.237852,0.237852,0.237852,0.484997,20,170.0
343,18.432,36,10,protocol,7.5,1700,32993,19.4076,6130,3614,0.5895600000000001,0.423204,0.354553,0.316952,0.288694,0.260123,0.235196,0.235196,0.235196,0.235196,0.484782,20,170.0
344,18.432,36,10,protocol,7.5,1700,34788,20.4635,6192,3582,0.578488,0.4260930000000001,0.35982,0.327373,0.300798,0.273303,0.24736100000000005,0.24736100000000005,0.24736100000000005,0.24736100000000005,0.484374,20,170.0
345,18.432,36,10,protocol,7.5,1700,33971,19.9829,6174,3510,0.568513,0.417914,0.357291,0.324445,0.296597,0.266981,0.240555,0.240555,0.240555,0.240555,0.4839600000000001,20,170.0
346,18.432,36,10,protocol,7.5,1700,37452,22.0306,6332,3863,0.6100760000000001,0.455941,0.3878,0.349771,0.32066,0.291556,0.264284,0.264284,0.264284,0.264284,0.483732,20,170.0
347,12.288,24,10,protocol,7.5,1700,32399,19.0582,6629,3662,0.552421,0.401133,0.339493,0.305292,0.27915100000000004,0.25308600000000003,0.228314,0.228314,0.228314,0.228314,0.484078,20,170.0
348,11.776,23,10,protocol,7.5,1700,32316,19.0094,6802,3733,0.548809,0.4149270000000001,0.344316,0.309599,0.281218,0.253512,0.22752,0.22752,0.22752,0.22752,0.4844560000000001,20,170.0
349,13.312,26,10,protocol,7.5,1700,37282,21.9306,6796,3881,0.571071,0.437868,0.375232,0.341292,0.315117,0.28870300000000004,0.261913,0.261913,0.261913,0.261913,0.484885,20,170.0
350,18.944000000000006,37,10,protocol,7.5,1700,44448,26.1459,6886,4535,0.658583,0.519217,0.445317,0.403312,0.371702,0.341298,0.311314,0.311314,0.311314,0.311314,0.485115,20,170.0
351,16.384,32,10,protocol,7.5,1700,35173,20.69,6936,4041,0.582612,0.437124,0.367576,0.329764,0.302676,0.272313,0.245432,0.245432,0.245432,0.245432,0.485307,20,170.0
352,18.432,36,10,protocol,7.5,1700,34056,20.0329,7023,3905,0.55603,0.411508,0.345996,0.313423,0.289026,0.262223,0.236831,0.236831,0.236831,0.236831,0.485094,20,170.0
353,18.432,36,10,protocol,7.5,1700,34837,20.4924,7181,4142,0.5768,0.422663,0.356396,0.32018,0.29477,0.267702,0.24178,0.24178,0.24178,0.24178,0.484888,20,170.0
354,15.36,30,10,protocol,7.5,1700,39368,23.1576,7293,4222,0.578911,0.448746,0.384609,0.354946,0.329992,0.301647,0.272498,0.272498,0.272498,0.272498,0.485233,20,170.0
355,19.456,38,10,protocol,7.5,1700,41311,24.3006,7538,4620,0.612895,0.460507,0.397457,0.370099,0.343398,0.314384,0.285853,0.285853,0.285853,0.285853,0.485023,20,170.0
356,18.432,36,10,protocol,7.5,1700,33139,19.4935,7244,4193,0.578824,0.418921,0.349317,0.314107,0.285357,0.255873,0.22951,0.22951,0.22951,0.22951,0.484749,20,170.0
357,20.48,40,10,protocol,7.5,1700,32944,19.3788,7066,3994,0.565242,0.403701,0.335681,0.301752,0.279017,0.253185,0.2283030000000001,0.2283030000000001,0.2283030000000001,0.2283030000000001,0.484423,20,170.0
358,20.48,40,10,protocol,7.5,1700,31963,18.8018,6916,3888,0.562175,0.391543,0.32355500000000004,0.294217,0.271942,0.246375,0.221639,0.221639,0.221639,0.221639,0.484109,20,170.0
359,18.944000000000006,37,10,protocol,7.5,1700,32420,19.0706,6818,3714,0.5447350000000001,0.386663,0.331395,0.300338,0.277256,0.250585,0.22540900000000005,0.22540900000000005,0.22540900000000005,0.22540900000000005,0.483762,20,170.0
360,17.92,35,10,protocol,7.5,1700,33784,19.8729,6556,3927,0.598993,0.42361,0.352052,0.317589,0.29142,0.261239,0.235715,0.235715,0.235715,0.235715,0.483426,20,170.0
361,16.384,32,10,protocol,7.5,1700,34131,20.0771,6539,3730,0.5704239999999999,0.402013,0.33960500000000005,0.31145700000000004,0.28948,0.262122,0.237658,0.237658,0.237658,0.237658,0.483205,20,170.0
362,17.92,35,10,protocol,7.5,1700,35365,20.8029,6349,3588,0.565128,0.412524,0.355071,0.324667,0.301007,0.272665,0.245836,0.245836,0.245836,0.245836,0.483144,20,170.0
363,18.944000000000006,37,10,protocol,7.5,1700,33933,19.9606,6556,3625,0.552929,0.401701,0.337175,0.309179,0.287353,0.26085,0.23558,0.23558,0.23558,0.23558,0.482806,20,170.0
364,12.8,25,10,protocol,7.5,1700,31979,18.8112,6485,3320,0.511951,0.378068,0.320258,0.291889,0.271937,0.246344,0.222088,0.222088,0.222088,0.222088,0.482779,20,170.0
365,7.1679999999999975,14,10,protocol,7.5,1700,28649,16.8524,6325,2994,0.4733600000000001,0.344722,0.295194,0.266749,0.246875,0.222628,0.199319,0.199319,0.199319,0.199319,0.48305,20,170.0
366,6.6560000000000015,13,10,protocol,7.5,1700,28820,16.9529,6578,3144,0.477957,0.365537,0.305947,0.27857,0.25445500000000004,0.225672,0.201055,0.201055,0.201055,0.201055,0.48337,20,170.0
367,4.6080000000000005,9,10,protocol,7.5,1700,32291,18.9947,6280,3293,0.524363,0.400637,0.340525,0.308614,0.281912,0.25221,0.225143,0.225143,0.225143,0.225143,0.483734,20,170.0
368,7.1679999999999975,14,10,protocol,7.5,1700,39247,23.0865,6311,3811,0.603866,0.460751,0.393696,0.363185,0.335645,0.30369,0.273039,0.273039,0.273039,0.273039,0.484042,20,170.0
369,17.408,34,10,protocol,7.5,1700,44322,26.0718,6503,4048,0.622482,0.482358,0.423492,0.393961,0.369953,0.34024,0.308274,0.308274,0.308274,0.308274,0.484257,20,170.0
370,11.264,22,10,protocol,7.5,1700,43792,25.76,6476,4146,0.6402100000000001,0.4911180000000001,0.425581,0.392732,0.36677,0.336527,0.30486,0.30486,0.30486,0.30486,0.484521,20,170.0
371,11.776,23,10,protocol,7.5,1700,36951,21.7359,6439,3710,0.576176,0.422905,0.363428,0.334088,0.309977,0.283891,0.257621,0.257621,0.257621,0.257621,0.484745,20,170.0
372,12.288,24,10,protocol,7.5,1700,37862,22.2718,6517,3617,0.55501,0.4266140000000001,0.37063,0.341166,0.319317,0.291007,0.263245,0.263245,0.263245,0.263245,0.48499,20,170.0
373,12.8,25,10,protocol,7.5,1700,42846,25.2035,6586,4006,0.60826,0.460924,0.403146,0.376389,0.354096,0.327143,0.298149,0.298149,0.298149,0.298149,0.4850930000000001,20,170.0
374,12.8,25,10,protocol,7.5,1700,40845,24.0265,6760,3951,0.584467,0.445868,0.389834,0.363486,0.341179,0.313416,0.283922,0.283922,0.283922,0.283922,0.485307,20,170.0
375,14.336,28,10,protocol,7.5,1700,35049,20.6171,6984,3973,0.568872,0.411173,0.346631,0.317662,0.294123,0.269737,0.24319,0.24319,0.24319,0.24319,0.4851720000000001,20,170.0
376,12.288,24,10,protocol,7.5,1700,33549,19.7347,7100,4071,0.57338,0.406182,0.340449,0.311437,0.288424,0.260265,0.232386,0.232386,0.232386,0.232386,0.4850100000000001,20,170.0
377,15.872,31,10,protocol,7.5,1700,33233,19.5488,6975,3878,0.555986,0.399475,0.33757800000000004,0.308107,0.283023,0.257173,0.23062,0.23062,0.23062,0.23062,0.484775,20,170.0
378,18.432,36,10,protocol,7.5,1700,32355,19.0324,7144,3846,0.538354,0.387631,0.330762,0.304487,0.282083,0.253072,0.225351,0.225351,0.225351,0.225351,0.484567,20,170.0
379,18.432,36,10,protocol,7.5,1700,32792,19.2894,7095,3976,0.560395,0.397617,0.340721,0.307448,0.28194400000000003,0.255511,0.228459,0.228459,0.228459,0.228459,0.4842520000000001,20,170.0
380,13.312,26,10,protocol,7.5,1700,31633,18.6076,6986,3773,0.54008,0.380831,0.32550500000000004,0.296587,0.273189,0.247233,0.221575,0.221575,0.221575,0.221575,0.48409,20,170.0
381,22.016,43,10,protocol,7.5,1700,39649,23.3229,6999,4422,0.6318050000000001,0.4675,0.400311,0.36691,0.339262,0.309811,0.278847,0.278847,0.278847,0.278847,0.483944,20,170.0
382,9.728,19,10,protocol,7.5,1700,36226,21.3094,7013,3817,0.544275,0.419209,0.363694,0.334838,0.313301,0.284857,0.255745,0.255745,0.255745,0.255745,0.484239,20,170.0
383,16.384,32,10,protocol,7.5,1700,40100,23.5882,6860,4286,0.624781,0.473107,0.403557,0.370314,0.344448,0.314258,0.284208,0.284208,0.284208,0.284208,0.484306,20,170.0
384,13.312,26,10,protocol,7.5,1700,33289,19.5818,6836,3648,0.533645,0.387663,0.338223,0.313547,0.290977,0.263096,0.236712,0.236712,0.236712,0.236712,0.484099,20,170.0
385,15.36,30,10,protocol,7.5,1700,36987,21.7571,6855,4046,0.590226,0.436789,0.3814030000000001,0.348833,0.3232,0.292864,0.263414,0.263414,0.263414,0.263414,0.484184,20,170.0
386,15.36,30,10,protocol,7.5,1700,35131,20.6653,6829,4021,0.588812,0.424888,0.365187,0.335108,0.310626,0.279658,0.250732,0.250732,0.250732,0.250732,0.484025,20,170.0
387,15.36,30,10,protocol,7.5,1700,31782,18.6953,6766,3602,0.5323680000000001,0.392208,0.331644,0.301825,0.278928,0.252831,0.22634,0.22634,0.22634,0.22634,0.48372,20,170.0
388,13.312,26,10,protocol,7.5,1700,29596,17.4094,6678,3372,0.504942,0.367312,0.310856,0.28178000000000003,0.259858,0.236147,0.21087,0.21087,0.21087,0.21087,0.483694,20,170.0
389,15.36,30,10,protocol,7.5,1700,35606,20.9447,6794,3895,0.5733,0.436057,0.376723,0.342536,0.315137,0.284854,0.254037,0.254037,0.254037,0.254037,0.483484,20,170.0
390,16.384,32,10,protocol,7.5,1700,32895,19.35,6772,3644,0.538098,0.403974,0.344209,0.312002,0.289539,0.262763,0.234971,0.234971,0.234971,0.234971,0.483469,20,170.0
391,15.872,31,10,protocol,7.5,1700,33236,19.5506,6666,3694,0.5541550000000001,0.409765,0.350056,0.319008,0.295164,0.266333,0.237803,0.237803,0.237803,0.237803,0.483195,20,170.0
392,12.8,25,10,protocol,7.5,1700,34126,20.0741,6710,3764,0.560954,0.415862,0.358925,0.326191,0.301721,0.27365500000000004,0.244742,0.244742,0.244742,0.244742,0.482988,20,170.0
393,14.848,29,10,protocol,7.5,1700,36668,21.5694,6639,3865,0.582166,0.435837,0.376828,0.34620100000000004,0.322151,0.29312,0.263514,0.263514,0.263514,0.263514,0.482735,20,170.0
394,9.728,19,10,protocol,7.5,1700,36661,21.5653,6821,3941,0.577775,0.434518,0.375928,0.343073,0.320625,0.292452,0.264151,0.264151,0.264151,0.264151,0.482791,20,170.0
395,10.24,20,10,protocol,7.5,1700,35196,20.7035,7032,3816,0.542662,0.405693,0.351685,0.327538,0.306048,0.280577,0.253935,0.253935,0.253935,0.253935,0.48286,20,170.0
396,10.24,20,10,protocol,7.5,1700,32442,19.0835,7035,3943,0.560483,0.408415,0.347967,0.315835,0.291124,0.262424,0.234742,0.234742,0.234742,0.234742,0.482559,20,170.0
397,7.68,15,10,protocol,7.5,1700,35092,20.6424,7091,4079,0.575236,0.435841,0.36687,0.333333,0.30956,0.282603,0.254799,0.254799,0.254799,0.254799,0.482536,20,170.0
398,8.704,17,10,protocol,7.5,1700,37849,22.2641,7002,4054,0.5789770000000001,0.45213,0.392394,0.357955,0.333093,0.304904,0.27517800000000003,0.27517800000000003,0.27517800000000003,0.27517800000000003,0.482742,20,170.0
399,9.216,18,10,protocol,7.5,1700,39520,23.2471,7034,4183,0.594683,0.4558680000000001,0.402519,0.372523,0.348614,0.318617,0.287937,0.287937,0.287937,0.287937,0.48267,20,170.0
400,8.192,16,10,protocol,7.5,1700,38147,22.4394,7013,4049,0.5773560000000001,0.443862,0.390471,0.360877,0.338306,0.308765,0.277412,0.277412,0.277412,0.277412,0.482735,20,170.0
401,7.68,15,10,protocol,7.5,1700,34601,20.3535,7003,3946,0.563473,0.419348,0.36218,0.332889,0.310106,0.281796,0.251831,0.251831,0.251831,0.251831,0.4827520000000001,20,170.0
402,9.728,19,10,protocol,7.5,1700,33582,19.7541,6979,3817,0.546926,0.398924,0.341287,0.316047,0.295964,0.272381,0.244055,0.244055,0.244055,0.244055,0.482795,20,170.0
403,11.264,22,10,protocol,7.5,1700,31503,18.5312,7101,3966,0.558513,0.408816,0.342719,0.310386,0.286207,0.258686,0.22881,0.22881,0.22881,0.22881,0.4825930000000001,20,170.0
404,10.24,20,10,protocol,7.5,1700,34231,20.1359,7103,4172,0.587357,0.437183,0.369293,0.337913,0.311992,0.280925,0.248911,0.248911,0.248911,0.248911,0.482324,20,170.0
405,10.24,20,10,protocol,7.5,1700,41048,24.1459,7343,4454,0.606564,0.477392,0.419117,0.390944,0.366504,0.33410300000000004,0.299299,0.299299,0.299299,0.299299,0.482491,20,170.0
406,6.6560000000000015,13,10,protocol,7.5,1700,28561,16.8006,7487,3672,0.49045,0.369536,0.312087,0.282501,0.259588,0.233089,0.20858,0.20858,0.20858,0.20858,0.482653,20,170.0
407,9.216,18,10,protocol,7.5,1700,40107,23.5924,7436,4564,0.613771,0.476828,0.41919,0.387129,0.360533,0.326892,0.293988,0.293988,0.293988,0.293988,0.4829560000000001,20,170.0
408,12.8,25,10,protocol,7.5,1700,40383,23.7547,7404,4455,0.6017020000000001,0.466198,0.407723,0.379999,0.357181,0.328372,0.296318,0.296318,0.296318,0.296318,0.483095,20,170.0
409,11.776,23,10,protocol,7.5,1700,34774,20.4553,7714,4272,0.5537979999999999,0.429192,0.371453,0.33959,0.315869,0.286145,0.255098,0.255098,0.255098,0.255098,0.4828270000000001,20,170.0
410,8.192,16,10,protocol,7.5,1700,36607,21.5335,7678,4365,0.568507,0.451107,0.390437,0.359208,0.33378800000000003,0.302425,0.268545,0.268545,0.268545,0.268545,0.483121,20,170.0
411,14.848,29,10,protocol,7.5,1700,38446,22.6153,7530,4558,0.605312,0.463717,0.402989,0.36886,0.345275,0.316128,0.28218200000000004,0.28218200000000004,0.28218200000000004,0.28218200000000004,0.483323,20,170.0
412,7.1679999999999975,14,10,protocol,7.5,1700,30558,17.9753,7452,3751,0.503355,0.379491,0.324949,0.300719,0.279717,0.25345,0.224263,0.224263,0.224263,0.224263,0.483288,20,170.0
413,10.752,21,10,protocol,7.5,1700,44952,26.4424,7575,4811,0.635116,0.5334180000000001,0.474103,0.4381229999999999,0.409429,0.372602,0.330504,0.330504,0.330504,0.330504,0.48353,20,170.0
414,13.824000000000002,27,10,protocol,7.5,1700,46291,27.23,7603,4646,0.611075,0.508206,0.452783,0.424915,0.405417,0.376848,0.340202,0.340202,0.340202,0.340202,0.48376,20,170.0
415,15.872,31,10,protocol,7.5,1700,42004,24.7082,7641,4509,0.590106,0.468635,0.414293,0.389094,0.368222,0.341675,0.308637,0.308637,0.308637,0.308637,0.483984,20,170.0
416,14.848,29,10,protocol,7.5,1700,34182,20.1071,7614,4379,0.575125,0.4220890000000001,0.362787,0.33334600000000003,0.311092,0.282896,0.252307,0.252307,0.252307,0.252307,0.48377,20,170.0
417,14.336,28,10,protocol,7.5,1700,30517,17.9512,7570,3701,0.488904,0.366887,0.318631,0.29120300000000005,0.273011,0.250805,0.225876,0.225876,0.225876,0.225876,0.483921,20,170.0
418,14.336,28,10,protocol,7.5,1700,30041,17.6712,7477,3743,0.500602,0.364832,0.318621,0.292631,0.27432199999999995,0.248993,0.222486,0.222486,0.222486,0.222486,0.483598,20,170.0
419,14.336,28,10,protocol,7.5,1700,33708,19.8282,7212,3969,0.550333,0.406508,0.35245,0.325343,0.305251,0.278283,0.2502,0.2502,0.2502,0.2502,0.483546,20,170.0
420,11.264,22,10,protocol,7.5,1700,37680,22.1647,7178,4117,0.573558,0.439385,0.387607,0.362188,0.340733,0.311785,0.279853,0.279853,0.279853,0.279853,0.4837520000000001,20,170.0
421,5.6320000000000014,11,10,protocol,7.5,1700,35842,21.0835,7171,4174,0.582067,0.446155,0.391756,0.360619,0.333729,0.299615,0.266338,0.266338,0.266338,0.266338,0.484079,20,170.0
422,12.288,24,10,protocol,7.5,1700,36778,21.6341,7361,4282,0.5817140000000001,0.435777,0.38031,0.353786,0.329905,0.30281,0.27384000000000003,0.27384000000000003,0.27384000000000003,0.27384000000000003,0.484383,20,170.0
423,12.8,25,10,protocol,7.5,1700,41620,24.4824,7425,4564,0.61468,0.472735,0.415717,0.392196,0.368996,0.340895,0.30961,0.30961,0.30961,0.30961,0.484581,20,170.0
424,19.456,38,10,protocol,7.5,1700,37875,22.2794,7506,4355,0.580203,0.443853,0.386894,0.360188,0.336303,0.31064200000000003,0.281218,0.281218,0.281218,0.281218,0.484669,20,170.0
425,18.432,36,10,protocol,7.5,1700,35159,20.6818,7383,4096,0.5547880000000001,0.422096,0.366685,0.339326,0.317205,0.289422,0.260579,0.260579,0.260579,0.260579,0.48463,20,170.0
426,17.92,35,10,protocol,7.5,1700,34957,20.5629,7280,4018,0.5519229999999999,0.421793,0.364803,0.338364,0.314255,0.287004,0.258321,0.258321,0.258321,0.258321,0.484554,20,170.0
427,15.36,30,10,protocol,7.5,1700,40582,23.8718,7071,4491,0.6351289999999999,0.4855,0.420612,0.388149,0.362445,0.33160500000000004,0.299323,0.299323,0.299323,0.299323,0.484652,20,170.0
428,16.384,32,10,protocol,7.5,1700,32484,19.1082,6905,3877,0.561477,0.404975,0.344721,0.316119,0.292166,0.265359,0.239023,0.239023,0.239023,0.239023,0.484494,20,170.0
429,15.872,31,10,protocol,7.5,1700,33954,19.9729,6779,3943,0.581649,0.4246,0.362555,0.334327,0.306962,0.277644,0.249238,0.249238,0.249238,0.249238,0.484298,20,170.0
430,11.776,23,10,protocol,7.5,1700,36538,21.4929,6780,3884,0.572861,0.438934,0.381804,0.353717,0.327112,0.296479,0.26668600000000003,0.26668600000000003,0.26668600000000003,0.26668600000000003,0.48452,20,170.0
431,12.8,25,10,protocol,7.5,1700,41052,24.1482,6993,4237,0.605892,0.4738890000000001,0.4164560000000001,0.386325,0.359868,0.328752,0.298264,0.298264,0.298264,0.298264,0.484597,20,170.0
432,12.8,25,10,protocol,7.5,1700,34657,20.3865,7081,4053,0.572377,0.431067,0.371702,0.339098,0.310207,0.279577,0.250445,0.250445,0.250445,0.250445,0.484394,20,170.0
433,16.384,32,10,protocol,7.5,1700,36551,21.5006,6988,4012,0.574127,0.441761,0.382508,0.350039,0.323284,0.29232600000000003,0.263318,0.263318,0.263318,0.263318,0.484336,20,170.0
434,13.824000000000002,27,10,protocol,7.5,1700,34863,20.5076,6943,3813,0.549186,0.4107520000000001,0.362013,0.332421,0.306879,0.277791,0.250429,0.250429,0.250429,0.250429,0.484249,20,170.0
435,8.192,16,10,protocol,7.5,1700,32323,19.0135,7066,3425,0.484716,0.400849,0.349734,0.318608,0.290061,0.259349,0.23204,0.23204,0.23204,0.23204,0.484432,20,170.0
436,7.68,15,10,protocol,7.5,1700,35501,20.8829,7239,4271,0.5899989999999999,0.459253,0.391755,0.353416,0.31955300000000003,0.285163,0.254836,0.254836,0.254836,0.254836,0.484675,20,170.0
437,16.384,32,10,protocol,7.5,1700,43221,25.4241,7187,4746,0.660359,0.518208,0.445692,0.407809,0.374953,0.341098,0.310291,0.310291,0.310291,0.310291,0.484892,20,170.0
438,13.824000000000002,27,10,protocol,7.5,1700,37548,22.0871,7137,4074,0.570828,0.435347,0.379608,0.348802,0.322156,0.2961,0.269625,0.269625,0.269625,0.269625,0.48511,20,170.0
439,14.848,29,10,protocol,7.5,1700,41603,24.4724,6937,4298,0.619576,0.484157,0.4249850000000001,0.390988,0.360837,0.328812,0.298599,0.298599,0.298599,0.298599,0.4853020000000001,20,170.0
440,12.288,24,10,protocol,7.5,1700,36327,21.3688,6927,3937,0.5683560000000001,0.433544,0.378683,0.344179,0.316952,0.287804,0.260094,0.260094,0.260094,0.260094,0.485238,20,170.0
441,18.944000000000006,37,10,protocol,7.5,1700,46730,27.4882,6829,4645,0.680187,0.538928,0.473321,0.437608,0.405064,0.370207,0.334237,0.334237,0.334237,0.334237,0.4853560000000001,20,170.0
442,16.384,32,10,protocol,7.5,1700,34368,20.2165,6788,3955,0.582646,0.42092,0.36296,0.32954,0.303104,0.273303,0.246351,0.246351,0.246351,0.246351,0.485131,20,170.0
443,16.384,32,10,protocol,7.5,1700,34415,20.2441,6748,3942,0.5841729999999999,0.419126,0.362465,0.330069,0.30345500000000003,0.274395,0.247065,0.247065,0.247065,0.247065,0.4849100000000001,20,170.0
444,12.288,24,10,protocol,7.5,1700,34591,20.3476,6688,3685,0.550987,0.417103,0.361484,0.328572,0.302034,0.274579,0.248586,0.248586,0.248586,0.248586,0.484928,20,170.0
445,11.776,23,10,protocol,7.5,1700,43354,25.5024,6563,4249,0.647417,0.512912,0.451933,0.41521,0.383395,0.34633200000000003,0.31197600000000003,0.31197600000000003,0.31197600000000003,0.31197600000000003,0.485161,20,170.0
446,13.824000000000002,27,10,protocol,7.5,1700,45319,26.6582,6537,4193,0.641426,0.513975,0.455921,0.42217,0.39191,0.360102,0.326094,0.326094,0.326094,0.326094,0.485353,20,170.0
447,17.92,35,10,protocol,7.5,1700,38594,22.7024,6461,3807,0.589228,0.451071,0.39329,0.361997,0.335007,0.30677,0.278137,0.278137,0.278137,0.278137,0.4853,20,170.0
448,14.336,28,10,protocol,7.5,1700,31000,18.2353,6546,3637,0.555606,0.396541,0.332129,0.300131,0.27448,0.248185,0.22352600000000009,0.22352600000000009,0.22352600000000009,0.22352600000000009,0.485094,20,170.0
449,15.36,30,10,protocol,7.5,1700,31410,18.4765,6488,3534,0.5446979999999999,0.396897,0.335755,0.304821,0.278599,0.252014,0.227145,0.227145,0.227145,0.227145,0.484979,20,170.0
450,15.872,31,10,protocol,7.5,1700,33256,19.5624,6558,3636,0.554437,0.409404,0.348068,0.31826,0.294636,0.266918,0.240877,0.240877,0.240877,0.240877,0.4848520000000001,20,170.0
451,13.824000000000002,27,10,protocol,7.5,1700,32502,19.1188,6502,3491,0.536912,0.396683,0.340731,0.308785,0.28543,0.259587,0.235037,0.235037,0.235037,0.235037,0.485055,20,170.0
452,21.504,42,10,protocol,7.5,1700,31432,18.4894,6318,3415,0.540519,0.38872,0.330071,0.29752,0.274268,0.25009000000000003,0.226959,0.226959,0.226959,0.226959,0.48511,20,170.0
453,18.944000000000006,37,10,protocol,7.5,1700,33319,19.5994,6430,3477,0.540747,0.404385,0.343641,0.313299,0.28871,0.264209,0.24031,0.24031,0.24031,0.24031,0.485097,20,170.0
454,20.48,40,10,protocol,7.5,1700,31975,18.8088,6569,3533,0.537829,0.389792,0.33112,0.302693,0.280314,0.25456,0.230331,0.230331,0.230331,0.230331,0.484895,20,170.0
455,17.408,34,10,protocol,7.5,1700,31585,18.5794,6460,3498,0.5414859999999999,0.397731,0.336695,0.304024,0.27937,0.251467,0.227152,0.227152,0.227152,0.227152,0.484855,20,170.0
456,11.776,23,10,protocol,7.5,1700,39113,23.0076,6537,3882,0.59385,0.467784,0.402892,0.365625,0.338943,0.309611,0.280604,0.280604,0.280604,0.280604,0.485107,20,170.0
457,21.504,42,10,protocol,7.5,1700,36142,21.26,6386,3724,0.583151,0.425658,0.366435,0.333835,0.308845,0.284219,0.25824899999999995,0.25824899999999995,0.25824899999999995,0.25824899999999995,0.485281,20,170.0
458,18.944000000000006,37,10,protocol,7.5,1700,33043,19.4371,6330,3605,0.5695100000000001,0.408545,0.346143,0.310629,0.287252,0.260623,0.235748,0.235748,0.235748,0.235748,0.485284,20,170.0
459,18.944000000000006,37,10,protocol,7.5,1700,33827,19.8982,6405,3757,0.586573,0.416934,0.353172,0.31716300000000003,0.293682,0.266602,0.241269,0.241269,0.241269,0.241269,0.485027,20,170.0
460,16.896,33,10,protocol,7.5,1700,33547,19.7335,6615,3731,0.564021,0.402867,0.344859,0.315255,0.291577,0.264048,0.238318,0.238318,0.238318,0.238318,0.4848020000000001,20,170.0
461,15.872,31,10,protocol,7.5,1700,37522,22.0718,6683,3940,0.5895560000000001,0.438444,0.378106,0.345082,0.31850300000000004,0.291875,0.265968,0.265968,0.265968,0.265968,0.484982,20,170.0
462,9.728,19,10,protocol,7.5,1700,27514,16.1847,6678,3131,0.468853,0.33770300000000003,0.289808,0.262959,0.241332,0.216684,0.194685,0.194685,0.194685,0.194685,0.485359,20,170.0
463,9.728,19,10,protocol,7.5,1700,28302,16.6482,6622,3182,0.480519,0.363379,0.31055900000000003,0.27693,0.251295,0.224453,0.199781,0.199781,0.199781,0.199781,0.485631,20,170.0
464,10.24,20,10,protocol,7.5,1700,40307,23.71,6705,4054,0.6046229999999999,0.478065,0.411625,0.374251,0.345059,0.314368,0.283968,0.283968,0.283968,0.283968,0.485822,20,170.0
465,10.24,20,10,protocol,7.5,1700,35898,21.1165,6829,3821,0.559526,0.435667,0.371438,0.33491,0.307728,0.280262,0.252551,0.252551,0.252551,0.252551,0.4859520000000001,20,170.0
466,7.68,15,10,protocol,7.5,1700,36753,21.6194,6862,3948,0.575342,0.439903,0.378188,0.343595,0.316104,0.287452,0.258304,0.258304,0.258304,0.258304,0.486092,20,170.0
467,12.8,25,10,protocol,7.5,1700,42351,24.9124,6929,4322,0.6237550000000001,0.498938,0.432339,0.390887,0.35803,0.328549,0.297671,0.297671,0.297671,0.297671,0.486318,20,170.0
468,13.312,26,10,protocol,7.5,1700,39705,23.3559,7302,4491,0.615037,0.481422,0.408022,0.368027,0.338212,0.308977,0.278456,0.278456,0.278456,0.278456,0.4865,20,170.0
469,10.752,21,10,protocol,7.5,1700,38561,22.6829,7416,4205,0.567017,0.453815,0.39426,0.356319,0.328757,0.299584,0.269743,0.269743,0.269743,0.269743,0.486669,20,170.0
470,11.776,23,10,protocol,7.5,1700,41057,24.1512,7352,4441,0.604053,0.479654,0.416328,0.377657,0.348758,0.317848,0.286465,0.286465,0.286465,0.286465,0.486895,20,170.0
471,19.456,38,10,protocol,7.5,1700,41118,24.1871,7190,4167,0.579555,0.460421,0.404473,0.370695,0.342005,0.316466,0.286984,0.286984,0.286984,0.286984,0.48715,20,170.0
472,18.944000000000006,37,10,protocol,7.5,1700,38203,22.4724,7115,4021,0.565144,0.432116,0.377869,0.344308,0.319618,0.293727,0.266744,0.266744,0.266744,0.266744,0.487367,20,170.0
473,18.944000000000006,37,10,protocol,7.5,1700,47364,27.8612,7339,4618,0.6292409999999999,0.501633,0.450146,0.417222,0.390334,0.36228,0.330228,0.330228,0.330228,0.330228,0.4875390000000001,20,170.0
474,18.944000000000006,37,10,protocol,7.5,1700,38990,22.9353,7579,4196,0.553635,0.436501,0.380883,0.348698,0.322724,0.297078,0.27177,0.27177,0.27177,0.27177,0.487708,20,170.0
475,17.92,35,10,protocol,7.5,1700,32243,18.9665,7496,3833,0.511339,0.385695,0.32920900000000003,0.29988400000000004,0.275267,0.247589,0.224195,0.224195,0.224195,0.224195,0.487567,20,170.0
476,13.824000000000002,27,10,protocol,7.5,1700,29878,17.5753,7487,3707,0.495125,0.362245,0.30603800000000003,0.277097,0.25335100000000005,0.228744,0.207558,0.207558,0.207558,0.207558,0.487454,20,170.0
477,10.24,20,10,protocol,7.5,1700,40016,23.5388,7550,4376,0.579603,0.466451,0.400982,0.364469,0.334248,0.305394,0.277745,0.277745,0.277745,0.277745,0.487598,20,170.0
478,18.944000000000006,37,10,protocol,7.5,1700,46307,27.2394,7530,4870,0.646746,0.515367,0.4552810000000001,0.416477,0.386689,0.351471,0.321017,0.321017,0.321017,0.321017,0.487817,20,170.0
479,14.848,29,10,protocol,7.5,1700,40514,23.8318,7464,4378,0.586549,0.453405,0.399969,0.364867,0.33632,0.307232,0.279999,0.279999,0.279999,0.279999,0.488027,20,170.0
480,18.944000000000006,37,10,protocol,7.5,1700,36167,21.2747,7496,4095,0.546291,0.4110140000000001,0.356437,0.323507,0.298671,0.273386,0.24925,0.24925,0.24925,0.24925,0.4879770000000001,20,170.0
481,16.384,32,10,protocol,7.5,1700,35982,21.1659,7598,4272,0.562253,0.4180640000000001,0.361937,0.328266,0.302285,0.273899,0.24802800000000005,0.24802800000000005,0.24802800000000005,0.24802800000000005,0.487843,20,170.0
482,16.384,32,10,protocol,7.5,1700,33643,19.79,7769,4289,0.552066,0.404361,0.345426,0.310303,0.282478,0.255853,0.231925,0.231925,0.231925,0.231925,0.487715,20,170.0
483,14.848,29,10,protocol,7.5,1700,34214,20.1259,7873,4285,0.544265,0.404334,0.347911,0.31400100000000003,0.287379,0.26049,0.235377,0.235377,0.235377,0.235377,0.487533,20,170.0
484,17.92,35,10,protocol,7.5,1700,35276,20.7506,8135,4556,0.560049,0.416637,0.359612,0.325088,0.297478,0.268891,0.242437,0.242437,0.242437,0.242437,0.487249,20,170.0
485,16.384,32,10,protocol,7.5,1700,32802,19.2953,8001,4355,0.544307,0.40359,0.341154,0.305764,0.277766,0.250459,0.225755,0.225755,0.225755,0.225755,0.486964,20,170.0
486,9.216,18,10,protocol,7.5,1700,32340,19.0235,7765,4053,0.521958,0.390228,0.330033,0.29798600000000003,0.271571,0.245892,0.223126,0.223126,0.223126,0.223126,0.48721,20,170.0
487,6.6560000000000015,13,10,protocol,7.5,1700,29639,17.4347,7785,3702,0.47553,0.369877,0.316583,0.284296,0.258112,0.228163,0.204528,0.204528,0.204528,0.204528,0.487447,20,170.0
488,8.704,17,10,protocol,7.5,1700,37591,22.1124,7687,4452,0.57916,0.450585,0.390996,0.352846,0.322512,0.287997,0.25950700000000004,0.25950700000000004,0.25950700000000004,0.25950700000000004,0.487651,20,170.0
489,18.432,36,10,protocol,7.5,1700,48553,28.5606,7733,4992,0.645545,0.507606,0.453837,0.420867,0.395129,0.366361,0.33557800000000004,0.33557800000000004,0.33557800000000004,0.33557800000000004,0.487781,20,170.0
490,16.896,33,10,protocol,7.5,1700,35983,21.1665,7854,4445,0.565954,0.420499,0.358604,0.324897,0.302004,0.274942,0.248759,0.248759,0.248759,0.248759,0.487709,20,170.0
491,16.384,32,10,protocol,7.5,1700,39861,23.4476,7857,4570,0.581647,0.4439770000000001,0.384866,0.352525,0.331268,0.302823,0.275722,0.275722,0.275722,0.275722,0.487689,20,170.0
492,16.384,32,10,protocol,7.5,1700,34127,20.0747,7921,4436,0.56003,0.412555,0.348645,0.315875,0.291423,0.262236,0.236937,0.236937,0.236937,0.236937,0.48752,20,170.0
493,15.36,30,10,protocol,7.5,1700,34095,20.0559,7916,4323,0.5461090000000001,0.410919,0.349263,0.318145,0.295002,0.264248,0.237849,0.237849,0.237849,0.237849,0.487349,20,170.0
494,16.896,33,10,protocol,7.5,1700,42563,25.0371,7831,4645,0.593155,0.456669,0.403235,0.375897,0.353241,0.324775,0.297313,0.297313,0.297313,0.297313,0.487221,20,170.0
495,15.872,31,10,protocol,7.5,1700,33392,19.6424,7569,4059,0.536266,0.396121,0.338699,0.309347,0.28684,0.258745,0.2331550000000001,0.2331550000000001,0.2331550000000001,0.2331550000000001,0.4870850000000001,20,170.0
496,13.824000000000002,27,10,protocol,7.5,1700,32740,19.2588,7553,4016,0.531709,0.39802,0.335882,0.302929,0.27915300000000004,0.253223,0.228467,0.228467,0.228467,0.228467,0.487235,20,170.0
497,10.24,20,10,protocol,7.5,1700,30177,17.7512,7596,3648,0.480253,0.371553,0.316146,0.28651,0.261319,0.234596,0.211196,0.211196,0.211196,0.211196,0.487345,20,170.0
498,5.12,10,10,protocol,7.5,1700,30451,17.9124,7420,3388,0.456604,0.364882,0.316762,0.290982,0.267322,0.238268,0.213272,0.213272,0.213272,0.213272,0.487488,20,170.0
499,6.6560000000000015,13,10,protocol,7.5,1700,33375,19.6324,7428,3925,0.528406,0.4155100000000001,0.363432,0.328178,0.297529,0.261891,0.23365,0.23365,0.23365,0.23365,0.487673,20,170.0
500,7.68,15,10,protocol,7.5,1700,38458,22.6224,7560,4372,0.578307,0.44862,0.388796,0.353987,0.327135,0.296844,0.269556,0.269556,0.269556,0.269556,0.487846,20,170.0
501,6.6560000000000015,13,10,protocol,7.5,1700,40421,23.7771,7613,4734,0.621831,0.476424,0.41325,0.373339,0.34268000000000004,0.311398,0.283116,0.283116,0.283116,0.283116,0.488015,20,170.0
502,22.016,43,10,protocol,7.5,1700,41254,24.2671,7595,4651,0.6123770000000001,0.474276,0.407978,0.369369,0.343303,0.31514200000000003,0.28832,0.28832,0.28832,0.28832,0.48813,20,170.0
503,15.36,30,10,protocol,7.5,1700,43727,25.7218,7712,4827,0.625908,0.479433,0.418453,0.387424,0.361978,0.334468,0.305172,0.305172,0.305172,0.305172,0.488191,20,170.0
504,14.848,29,10,protocol,7.5,1700,33030,19.4294,7898,4311,0.545834,0.40028,0.34131300000000003,0.309083,0.283241,0.25654,0.230605,0.230605,0.230605,0.230605,0.4880640000000001,20,170.0
505,18.432,36,10,protocol,7.5,1700,45024,26.4847,7851,4928,0.627691,0.4896680000000001,0.427543,0.39418,0.372034,0.344988,0.31435100000000005,0.31435100000000005,0.31435100000000005,0.31435100000000005,0.488049,20,170.0
506,14.848,29,10,protocol,7.5,1700,35355,20.7971,8029,4533,0.564578,0.4201180000000001,0.361635,0.331033,0.30645700000000003,0.276017,0.246945,0.246945,0.246945,0.246945,0.4879060000000001,20,170.0
507,7.1679999999999975,14,10,protocol,7.5,1700,33252,19.56,7865,3746,0.476287,0.383209,0.34173000000000003,0.315116,0.290437,0.260961,0.232154,0.232154,0.232154,0.232154,0.488094,20,170.0
508,13.824000000000002,27,10,protocol,7.5,1700,45181,26.5771,7647,5093,0.666013,0.520104,0.448934,0.407398,0.377491,0.34809,0.315422,0.315422,0.315422,0.315422,0.488271,20,170.0
509,15.36,30,10,protocol,7.5,1700,36998,21.7635,7691,4390,0.570797,0.42483,0.369771,0.337829,0.311499,0.285754,0.258616,0.258616,0.258616,0.258616,0.488345,20,170.0
510,17.92,35,10,protocol,7.5,1700,40027,23.5453,7597,4456,0.586547,0.452958,0.393596,0.36047,0.334719,0.308289,0.27977,0.27977,0.27977,0.27977,0.488517,20,170.0
511,17.408,34,10,protocol,7.5,1700,33473,19.69,7476,4090,0.547084,0.399956,0.344824,0.312041,0.286514,0.259023,0.234012,0.234012,0.234012,0.234012,0.488517,20,170.0
512,16.896,33,10,protocol,7.5,1700,35992,21.1718,7459,4247,0.569379,0.424376,0.367445,0.333976,0.30737,0.278052,0.251273,0.251273,0.251273,0.251273,0.488399,20,170.0
513,18.432,36,10,protocol,7.5,1700,33217,19.5394,7566,4283,0.5660850000000001,0.409394,0.347914,0.313847,0.288065,0.258405,0.231299,0.231299,0.231299,0.231299,0.48824,20,170.0
514,18.432,36,10,protocol,7.5,1700,34079,20.0465,7766,4232,0.5449390000000001,0.413116,0.351611,0.319364,0.293713,0.264104,0.236773,0.236773,0.236773,0.236773,0.488081,20,170.0
515,17.408,34,10,protocol,7.5,1700,38731,22.7829,7689,4481,0.582781,0.445961,0.383881,0.351712,0.324086,0.296821,0.268774,0.268774,0.268774,0.268774,0.488288,20,170.0
516,19.456,38,10,protocol,7.5,1700,32992,19.4071,7723,4196,0.543312,0.39439,0.338089,0.308161,0.284125,0.255904,0.229484,0.229484,0.229484,0.229484,0.488013,20,170.0
517,16.384,32,10,protocol,7.5,1700,31615,18.5971,7528,4046,0.53746,0.39538,0.335963,0.300992,0.27481300000000003,0.246336,0.2202800000000001,0.2202800000000001,0.2202800000000001,0.2202800000000001,0.487826,20,170.0
518,17.92,35,10,protocol,7.5,1700,39982,23.5188,7408,4461,0.602187,0.468,0.40217,0.365582,0.340146,0.30953,0.279837,0.279837,0.279837,0.279837,0.48774,20,170.0
519,9.728,19,10,protocol,7.5,1700,27714,16.3024,7261,3476,0.478722,0.363253,0.300796,0.267417,0.243283,0.217666,0.194739,0.194739,0.194739,0.194739,0.488087,20,170.0
520,18.944000000000006,37,10,protocol,7.5,1700,45605,26.8265,7069,4627,0.6545479999999999,0.521894,0.4542850000000001,0.415128,0.385215,0.353903,0.321384,0.321384,0.321384,0.321384,0.48824,20,170.0
521,11.776,23,10,protocol,7.5,1700,31668,18.6282,6985,3588,0.513672,0.385555,0.33215900000000004,0.301139,0.276007,0.2492800000000001,0.223989,0.223989,0.223989,0.223989,0.488164,20,170.0
522,10.24,20,10,protocol,7.5,1700,36904,21.7082,6828,3751,0.5493560000000001,0.435778,0.381532,0.350691,0.324989,0.292404,0.261819,0.261819,0.261819,0.261819,0.488348,20,170.0
523,16.896,33,10,protocol,7.5,1700,40403,23.7665,6901,4345,0.6296189999999999,0.482694,0.416754,0.377328,0.348533,0.317804,0.287677,0.287677,0.287677,0.287677,0.488588,20,170.0
524,16.384,32,10,protocol,7.5,1700,41563,24.4488,6882,4384,0.6370239999999999,0.494374,0.42408,0.384811,0.357999,0.327048,0.296647,0.296647,0.296647,0.296647,0.488611,20,170.0
525,16.384,32,10,protocol,7.5,1700,35465,20.8618,7001,3963,0.566062,0.420385,0.36317,0.333195,0.308433,0.279769,0.25319899999999995,0.25319899999999995,0.25319899999999995,0.25319899999999995,0.488746,20,170.0
526,17.92,35,10,protocol,7.5,1700,34727,20.4276,7000,4015,0.573571,0.423459,0.360145,0.328948,0.304086,0.274183,0.247772,0.247772,0.247772,0.247772,0.488544,20,170.0
527,17.408,34,10,protocol,7.5,1700,34111,20.0653,7077,3990,0.5637979999999999,0.424115,0.35584,0.323179,0.297345,0.269021,0.243665,0.243665,0.243665,0.243665,0.48847,20,170.0
528,19.456,38,10,protocol,7.5,1700,34331,20.1947,6915,3891,0.5626899999999999,0.418215,0.354165,0.324821,0.300241,0.27167800000000003,0.245265,0.245265,0.245265,0.245265,0.488215,20,170.0
529,16.896,33,10,protocol,7.5,1700,34235,20.1382,6805,3689,0.542101,0.415185,0.357617,0.327127,0.300043,0.270612,0.245239,0.245239,0.245239,0.245239,0.488073,20,170.0
530,17.92,35,10,protocol,7.5,1700,36498,21.4694,6557,3914,0.596919,0.4397720000000001,0.376041,0.344377,0.316664,0.288405,0.261027,0.261027,0.261027,0.261027,0.488054,20,170.0
531,10.752,21,10,protocol,7.5,1700,34521,20.3065,6456,3595,0.556846,0.4286430000000001,0.365496,0.327589,0.300352,0.271752,0.246331,0.246331,0.246331,0.246331,0.488308,20,170.0
532,20.992,41,10,protocol,7.5,1700,36861,21.6829,6487,3923,0.604748,0.446874,0.378486,0.344164,0.317484,0.289304,0.262337,0.262337,0.262337,0.262337,0.488353,20,170.0
533,15.872,31,10,protocol,7.5,1700,30732,18.0776,6620,3584,0.5413899999999999,0.391631,0.324382,0.29220100000000004,0.268409,0.242795,0.218471,0.218471,0.218471,0.218471,0.488231,20,170.0
534,8.192,16,10,protocol,7.5,1700,35250,20.7353,6680,3694,0.552994,0.4250060000000001,0.364372,0.337722,0.311041,0.27915700000000004,0.250249,0.250249,0.250249,0.250249,0.488489,20,170.0
535,18.432,36,10,protocol,7.5,1700,42251,24.8535,6496,4312,0.6637930000000001,0.5167390000000001,0.432918,0.388959,0.357414,0.327746,0.299193,0.299193,0.299193,0.299193,0.488702,20,170.0
536,20.48,40,10,protocol,7.5,1700,41214,24.2435,6580,4063,0.617477,0.461048,0.396957,0.368251,0.347492,0.31952800000000003,0.291208,0.291208,0.291208,0.291208,0.488683,20,170.0
537,18.432,36,10,protocol,7.5,1700,29005,17.0618,6601,3291,0.498561,0.353147,0.295056,0.268785,0.249149,0.226286,0.205215,0.205215,0.205215,0.205215,0.488577,20,170.0
538,16.896,33,10,protocol,7.5,1700,32345,19.0265,6761,3780,0.5590890000000001,0.408385,0.340644,0.308522,0.281562,0.252786,0.2283,0.2283,0.2283,0.2283,0.4884350000000001,20,170.0
539,18.432,36,10,protocol,7.5,1700,34088,20.0518,6737,3779,0.560932,0.41955,0.351391,0.319519,0.29382600000000003,0.265938,0.240096,0.240096,0.240096,0.240096,0.488258,20,170.0
540,18.944000000000006,37,10,protocol,7.5,1700,35629,20.9582,6574,3793,0.57697,0.4246430000000001,0.36127,0.328755,0.304425,0.276025,0.25003200000000003,0.25003200000000003,0.25003200000000003,0.25003200000000003,0.488097,20,170.0
541,17.92,35,10,protocol,7.5,1700,33534,19.7259,6352,3412,0.537154,0.399935,0.341147,0.309864,0.28697399999999995,0.259411,0.234358,0.234358,0.234358,0.234358,0.4879350000000001,20,170.0
542,18.432,36,10,protocol,7.5,1700,31375,18.4559,6160,3307,0.536851,0.380702,0.32247600000000004,0.290879,0.269087,0.242319,0.218324,0.218324,0.218324,0.218324,0.487718,20,170.0
543,14.336,28,10,protocol,7.5,1700,32536,19.1388,6156,3486,0.566277,0.390851,0.333841,0.303088,0.27905,0.251146,0.22565,0.22565,0.22565,0.22565,0.4876,20,170.0
544,20.48,40,10,protocol,7.5,1700,38811,22.83,6345,3698,0.582821,0.430505,0.374736,0.342724,0.320876,0.295132,0.268996,0.268996,0.268996,0.268996,0.487441,20,170.0
545,18.432,36,10,protocol,7.5,1700,31616,18.5976,6561,3476,0.5297970000000001,0.371192,0.318495,0.290883,0.268156,0.242669,0.219021,0.219021,0.219021,0.219021,0.487177,20,170.0
546,18.432,36,10,protocol,7.5,1700,34536,20.3153,6641,3619,0.544948,0.398512,0.34107,0.312587,0.290445,0.263965,0.238584,0.238584,0.238584,0.238584,0.487198,20,170.0
547,16.896,33,10,protocol,7.5,1700,36028,21.1929,6654,3764,0.565675,0.419974,0.358404,0.325712,0.300177,0.273717,0.24811,0.24811,0.24811,0.24811,0.487262,20,170.0
548,19.968,39,10,protocol,7.5,1700,32624,19.1906,6548,3488,0.532682,0.381543,0.328259,0.302086,0.278713,0.249808,0.223908,0.223908,0.223908,0.223908,0.487046,20,170.0
549,17.408,34,10,protocol,7.5,1700,31601,18.5888,6326,3438,0.543471,0.370362,0.316255,0.287537,0.264913,0.240202,0.216238,0.216238,0.216238,0.216238,0.486874,20,170.0
550,19.456,38,10,protocol,7.5,1700,33683,19.8135,6441,3438,0.533768,0.381817,0.328507,0.302999,0.28070900000000004,0.255623,0.230161,0.230161,0.230161,0.230161,0.486621,20,170.0
551,17.92,35,10,protocol,7.5,1700,36290,21.3471,6641,3623,0.54555,0.398056,0.346893,0.319013,0.297155,0.27287,0.247432,0.247432,0.247432,0.247432,0.486534,20,170.0
552,17.92,35,10,protocol,7.5,1700,33527,19.7218,6864,3613,0.526369,0.374484,0.322768,0.299311,0.277824,0.25303200000000003,0.228241,0.228241,0.228241,0.228241,0.486282,20,170.0
553,8.704,17,10,protocol,7.5,1700,25908,15.24,7004,2882,0.411479,0.306582,0.259841,0.239408,0.22080500000000008,0.197626,0.176304,0.176304,0.176304,0.176304,0.486389,20,170.0
554,9.216,18,10,protocol,7.5,1700,33973,19.9841,7173,3934,0.548446,0.405862,0.346029,0.312099,0.284675,0.256664,0.230854,0.230854,0.230854,0.230854,0.4866470000000001,20,170.0
555,24.576,48,10,protocol,7.5,1700,45946,27.0271,7283,4598,0.631333,0.494231,0.428229,0.394206,0.369354,0.343006,0.31213,0.31213,0.31213,0.31213,0.486763,20,170.0
556,20.48,40,10,protocol,7.5,1700,32224,18.9553,7174,3861,0.538193,0.388272,0.326718,0.292804,0.268216,0.24334,0.218872,0.218872,0.218872,0.218872,0.48668,20,170.0
557,19.456,38,10,protocol,7.5,1700,31806,18.7094,7389,3815,0.516308,0.371064,0.316474,0.28744699999999995,0.265489,0.24065,0.215937,0.215937,0.215937,0.215937,0.48669,20,170.0
558,20.48,40,10,protocol,7.5,1700,32601,19.1771,7176,3826,0.533166,0.378689,0.325151,0.29590900000000003,0.274375,0.246372,0.221122,0.221122,0.221122,0.221122,0.486433,20,170.0
559,20.48,40,10,protocol,7.5,1700,31830,18.7235,7039,3766,0.5350189999999999,0.372872,0.31854,0.289091,0.267187,0.240319,0.216035,0.216035,0.216035,0.216035,0.486192,20,170.0
560,20.48,40,10,protocol,7.5,1700,33461,19.6829,6961,3778,0.542738,0.388202,0.331852,0.301014,0.27828800000000004,0.251792,0.227403,0.227403,0.227403,0.227403,0.4860100000000001,20,170.0
561,20.48,40,10,protocol,7.5,1700,33725,19.8382,6928,3798,0.5482100000000001,0.395594,0.337331,0.307632,0.283378,0.255083,0.228874,0.228874,0.228874,0.228874,0.485749,20,170.0
562,20.48,40,10,protocol,7.5,1700,35419,20.8347,7005,3923,0.560029,0.408616,0.348104,0.318437,0.29538600000000004,0.267646,0.240959,0.240959,0.240959,0.240959,0.485544,20,170.0
563,19.456,38,10,protocol,7.5,1700,33549,19.7347,6887,3652,0.530274,0.384006,0.328883,0.300944,0.279536,0.25352,0.228909,0.228909,0.228909,0.228909,0.485528,20,170.0
564,19.456,38,10,protocol,7.5,1700,34455,20.2676,6840,3438,0.502632,0.381389,0.329418,0.304043,0.284291,0.259176,0.235414,0.235414,0.235414,0.235414,0.485655,20,170.0
565,18.432,36,10,protocol,7.5,1700,43496,25.5859,6808,4231,0.621475,0.472416,0.414126,0.379654,0.354002,0.326581,0.298082,0.298082,0.298082,0.298082,0.485795,20,170.0
566,16.384,32,10,protocol,7.5,1700,39752,23.3835,6703,3874,0.57795,0.441121,0.380521,0.351531,0.32852800000000004,0.300697,0.272675,0.272675,0.272675,0.272675,0.486036,20,170.0
567,26.112,51,10,protocol,7.5,1700,35278,20.7518,6638,3539,0.533143,0.392475,0.341906,0.315127,0.29600000000000004,0.268886,0.24225500000000005,0.24225500000000005,0.24225500000000005,0.24225500000000005,0.486059,20,170.0
568,20.48,40,10,protocol,7.5,1700,34279,20.1641,6550,3625,0.553435,0.394277,0.338997,0.310037,0.290408,0.262808,0.236554,0.236554,0.236554,0.236554,0.485915,20,170.0
569,15.36,30,10,protocol,7.5,1700,31654,18.62,6403,3360,0.5247539999999999,0.380392,0.323952,0.294449,0.271901,0.24449,0.219449,0.219449,0.219449,0.219449,0.485789,20,170.0
570,18.432,36,10,protocol,7.5,1700,40009,23.5347,6255,3816,0.6100720000000001,0.45261,0.390652,0.35658,0.332113,0.306238,0.278145,0.278145,0.278145,0.278145,0.486018,20,170.0
571,22.528,44,10,protocol,7.5,1700,35077,20.6335,6148,3355,0.545706,0.398819,0.34473000000000004,0.318245,0.29554,0.269777,0.24408,0.24408,0.24408,0.24408,0.485936,20,170.0
572,20.48,40,10,protocol,7.5,1700,30810,18.1235,6058,3116,0.514361,0.373276,0.315183,0.285611,0.263452,0.2382050000000001,0.214804,0.214804,0.214804,0.214804,0.486004,20,170.0
573,18.944000000000006,37,10,protocol,7.5,1700,34205,20.1206,5874,3180,0.541369,0.394866,0.338386,0.31242,0.29017600000000005,0.264651,0.238788,0.238788,0.238788,0.238788,0.485853,20,170.0
574,18.944000000000006,37,10,protocol,7.5,1700,33636,19.7859,5942,3249,0.546786,0.394897,0.335381,0.307523,0.28820100000000004,0.260314,0.234868,0.234868,0.234868,0.234868,0.485601,20,170.0
575,18.944000000000006,37,10,protocol,7.5,1700,30569,17.9818,6073,3247,0.534662,0.379589,0.319822,0.288116,0.264149,0.2374030000000001,0.213848,0.213848,0.213848,0.213848,0.48562,20,170.0
576,14.336,28,10,protocol,7.5,1700,31663,18.6253,6050,3286,0.54314,0.38311,0.325727,0.293441,0.26965900000000004,0.245733,0.222169,0.222169,0.222169,0.222169,0.485795,20,170.0
577,11.776,23,10,protocol,7.5,1700,28311,16.6535,5960,2857,0.479362,0.343269,0.296125,0.269935,0.248561,0.222464,0.199362,0.199362,0.199362,0.199362,0.486084,20,170.0
578,20.48,40,10,protocol,7.5,1700,38652,22.7365,5982,3751,0.6270479999999999,0.451244,0.391112,0.355791,0.328645,0.29946,0.272221,0.272221,0.272221,0.272221,0.4863,20,170.0
579,18.944000000000006,37,10,protocol,7.5,1700,33733,19.8429,5957,3430,0.575793,0.398816,0.341596,0.31287,0.29030100000000003,0.264122,0.23791,0.23791,0.23791,0.23791,0.486178,20,170.0
580,20.992,41,10,protocol,7.5,1700,36326,21.3682,6068,3463,0.570699,0.4224979999999999,0.362927,0.334333,0.312028,0.283724,0.25650500000000004,0.25650500000000004,0.25650500000000004,0.25650500000000004,0.486115,20,170.0
581,20.48,40,10,protocol,7.5,1700,32707,19.2394,5915,3323,0.561792,0.392308,0.337527,0.310316,0.287171,0.258354,0.231639,0.231639,0.231639,0.231639,0.485907,20,170.0
582,19.968,39,10,protocol,7.5,1700,34394,20.2318,5817,3359,0.577445,0.407924,0.347105,0.316539,0.29614,0.269918,0.2444,0.2444,0.2444,0.2444,0.485861,20,170.0
583,20.992,41,10,protocol,7.5,1700,32145,18.9088,5876,3175,0.540334,0.375825,0.323846,0.297887,0.27844,0.252741,0.228941,0.228941,0.228941,0.228941,0.485738,20,170.0
584,20.48,40,10,protocol,7.5,1700,31199,18.3524,6292,3540,0.562619,0.399413,0.336834,0.303339,0.279749,0.248954,0.222366,0.222366,0.222366,0.222366,0.485525,20,170.0
585,15.36,30,10,protocol,7.5,1700,34413,20.2429,6509,3555,0.546167,0.421017,0.36539,0.333917,0.309275,0.27599,0.245106,0.245106,0.245106,0.245106,0.4856470000000001,20,170.0
586,19.968,39,10,protocol,7.5,1700,39122,23.0129,6369,3981,0.625059,0.473926,0.400114,0.368737,0.342664,0.311303,0.278868,0.278868,0.278868,0.278868,0.485846,20,170.0
587,20.48,40,10,protocol,7.5,1700,33886,19.9329,6394,3651,0.571004,0.406147,0.34628400000000004,0.31810900000000003,0.296474,0.268918,0.241905,0.241905,0.241905,0.241905,0.485747,20,170.0
588,21.504,42,10,protocol,7.5,1700,34508,20.2988,6322,3716,0.587789,0.433198,0.363878,0.328179,0.30190500000000003,0.274363,0.246662,0.246662,0.246662,0.246662,0.485664,20,170.0
589,19.456,38,10,protocol,7.5,1700,33240,19.5529,6279,3611,0.575092,0.41867,0.352046,0.322768,0.298001,0.267729,0.238527,0.238527,0.238527,0.238527,0.485453,20,170.0
590,18.432,36,10,protocol,7.5,1700,33533,19.7253,6058,3409,0.5627270000000001,0.419106,0.358469,0.326491,0.302181,0.271241,0.241497,0.241497,0.241497,0.241497,0.485417,20,170.0
591,13.824000000000002,27,10,protocol,7.5,1700,31673,18.6312,6066,3273,0.539565,0.402922,0.339273,0.30748200000000003,0.28225100000000003,0.255239,0.22869,0.22869,0.22869,0.22869,0.485394,20,170.0
592,9.216,18,10,protocol,7.5,1700,35925,21.1324,5926,3398,0.573405,0.440921,0.382491,0.354108,0.326993,0.293003,0.26116,0.26116,0.26116,0.26116,0.485604,20,170.0
593,24.064,47,10,protocol,7.5,1700,43756,25.7388,6011,3883,0.645982,0.508141,0.440495,0.40508,0.37869,0.34891,0.318859,0.318859,0.318859,0.318859,0.485749,20,170.0
594,16.896,33,10,protocol,7.5,1700,37079,21.8112,6078,3659,0.602007,0.445493,0.377745,0.349295,0.325931,0.298145,0.270937,0.270937,0.270937,0.270937,0.485909,20,170.0
595,15.36,30,10,protocol,7.5,1700,31002,18.2365,5837,3327,0.5699850000000001,0.386915,0.324154,0.297394,0.276156,0.251137,0.226464,0.226464,0.226464,0.226464,0.4860930000000001,20,170.0
596,18.432,36,10,protocol,7.5,1700,36527,21.4865,5678,3484,0.613596,0.44588,0.380743,0.349642,0.323396,0.295779,0.267301,0.267301,0.267301,0.267301,0.486078,20,170.0
597,18.432,36,10,protocol,7.5,1700,35523,20.8959,5864,3424,0.583902,0.426458,0.362589,0.336534,0.314293,0.28835900000000003,0.260527,0.260527,0.260527,0.260527,0.486129,20,170.0
598,17.92,35,10,protocol,7.5,1700,33123,19.4841,6013,3501,0.582238,0.416297,0.354399,0.325108,0.298141,0.271225,0.24330900000000005,0.24330900000000005,0.24330900000000005,0.24330900000000005,0.485967,20,170.0
599,17.92,35,10,protocol,7.5,1700,32418,19.0694,6390,3663,0.573239,0.408341,0.341897,0.31314699999999995,0.290083,0.264245,0.237848,0.237848,0.237848,0.237848,0.485788,20,170.0
600,12.8,25,10,protocol,7.5,1700,31431,18.4888,6591,3378,0.512517,0.382508,0.326344,0.298967,0.277174,0.254033,0.230471,0.230471,0.230471,0.230471,0.485947,20,170.0
601,7.68,15,10,protocol,7.5,1700,35622,20.9541,6620,3763,0.568429,0.43364,0.368942,0.343616,0.318598,0.289482,0.260804,0.260804,0.260804,0.260804,0.486107,20,170.0
602,19.968,39,10,protocol,7.5,1700,43665,25.6853,6741,4559,0.676309,0.527596,0.450815,0.414712,0.38348,0.351337,0.318437,0.318437,0.318437,0.318437,0.486268,20,170.0
603,18.432,36,10,protocol,7.5,1700,33551,19.7359,6746,3885,0.575897,0.417695,0.353068,0.320973,0.29611,0.269887,0.243844,0.243844,0.243844,0.243844,0.486146,20,170.0
604,13.824000000000002,27,10,protocol,7.5,1700,33603,19.7665,6733,3705,0.550275,0.406872,0.348551,0.319296,0.29565,0.269401,0.243898,0.243898,0.243898,0.243898,0.486213,20,170.0
605,13.312,26,10,protocol,7.5,1700,31179,18.3406,6509,3318,0.509756,0.379861,0.322697,0.293875,0.272127,0.24868,0.225852,0.225852,0.225852,0.225852,0.48643,20,170.0
606,13.312,26,10,protocol,7.5,1700,35220,20.7176,6498,3801,0.5849489999999999,0.431266,0.369318,0.335991,0.308665,0.280229,0.254984,0.254984,0.254984,0.254984,0.486576,20,170.0
607,19.968,39,10,protocol,7.5,1700,38732,22.7835,6617,4021,0.607677,0.454798,0.386455,0.35651,0.330135,0.304519,0.279835,0.279835,0.279835,0.279835,0.486765,20,170.0
608,16.384,32,10,protocol,7.5,1700,42521,25.0124,6668,4103,0.6153270000000001,0.486148,0.426045,0.393603,0.367913,0.337069,0.306869,0.306869,0.306869,0.306869,0.486913,20,170.0
609,19.456,38,10,protocol,7.5,1700,36009,21.1818,6709,3840,0.572365,0.419214,0.363956,0.333418,0.310658,0.284448,0.259095,0.259095,0.259095,0.259095,0.486886,20,170.0
610,18.432,36,10,protocol,7.5,1700,34438,20.2576,6600,3784,0.573333,0.412071,0.35380700000000004,0.322527,0.298691,0.271269,0.246769,0.246769,0.246769,0.246769,0.486789,20,170.0
611,17.92,35,10,protocol,7.5,1700,32294,18.9965,6361,3616,0.5684640000000001,0.406739,0.341009,0.307808,0.283152,0.255918,0.23078,0.23078,0.23078,0.23078,0.486693,20,170.0
612,17.92,35,10,protocol,7.5,1700,35003,20.59,6171,3669,0.5945550000000001,0.434475,0.366407,0.33378800000000003,0.304607,0.27603,0.249675,0.249675,0.249675,0.249675,0.486608,20,170.0
613,18.944000000000006,37,10,protocol,7.5,1700,34357,20.21,6223,3537,0.568375,0.420949,0.35786,0.323479,0.297097,0.269962,0.244122,0.244122,0.244122,0.244122,0.486522,20,170.0
614,18.432,36,10,protocol,7.5,1700,31972,18.8071,6221,3503,0.5630930000000001,0.401991,0.335584,0.305139,0.278617,0.251967,0.226667,0.226667,0.226667,0.226667,0.48635,20,170.0
615,12.288,24,10,protocol,7.5,1700,36743,21.6135,6266,3563,0.568624,0.434608,0.371886,0.339893,0.313952,0.28678400000000004,0.259924,0.259924,0.259924,0.259924,0.4864890000000001,20,170.0
616,16.384,32,10,protocol,7.5,1700,38098,22.4106,6395,3793,0.59312,0.441055,0.379868,0.34801,0.321988,0.295583,0.268841,0.268841,0.268841,0.268841,0.486639,20,170.0
617,17.92,35,10,protocol,7.5,1700,40530,23.8412,6482,3892,0.600432,0.459745,0.398742,0.364993,0.339306,0.312629,0.285744,0.285744,0.285744,0.285744,0.486586,20,170.0
618,15.872,31,10,protocol,7.5,1700,37130,21.8412,6585,3946,0.599241,0.443741,0.379998,0.346612,0.31998000000000004,0.289605,0.261199,0.261199,0.261199,0.261199,0.486563,20,170.0
619,19.968,39,10,protocol,7.5,1700,32762,19.2718,6800,3767,0.553971,0.401432,0.338008,0.30753400000000003,0.283451,0.255604,0.229567,0.229567,0.229567,0.229567,0.486341,20,170.0
620,18.432,36,10,protocol,7.5,1700,32818,19.3047,6833,3772,0.552027,0.398654,0.334914,0.30403600000000003,0.28146,0.254025,0.22918400000000005,0.22918400000000005,0.22918400000000005,0.22918400000000005,0.486129,20,170.0
621,16.896,33,10,protocol,7.5,1700,32414,19.0671,7012,3786,0.539932,0.390619,0.332931,0.30077600000000004,0.278216,0.251012,0.225806,0.225806,0.225806,0.225806,0.485962,20,170.0
622,10.752,21,10,protocol,7.5,1700,36791,21.6418,7049,4069,0.577245,0.441154,0.374568,0.338385,0.312266,0.283443,0.256316,0.256316,0.256316,0.256316,0.486163,20,170.0
623,15.36,30,10,protocol,7.5,1700,37843,22.2606,7033,3957,0.5626329999999999,0.436366,0.373548,0.33892100000000003,0.314065,0.288835,0.263468,0.263468,0.263468,0.263468,0.486355,20,170.0
624,19.456,38,10,protocol,7.5,1700,44915,26.4206,7035,4467,0.634968,0.495764,0.432393,0.398186,0.372341,0.342172,0.312778,0.312778,0.312778,0.312778,0.486536,20,170.0
625,20.48,40,10,protocol,7.5,1700,40559,23.8582,6832,3975,0.581821,0.433651,0.379859,0.352704,0.332067,0.308547,0.282265,0.282265,0.282265,0.282265,0.486522,20,170.0
626,18.432,36,10,protocol,7.5,1700,34492,20.2894,6868,3764,0.548049,0.390458,0.335552,0.307906,0.287621,0.263773,0.239622,0.239622,0.239622,0.239622,0.486417,20,170.0
627,17.92,35,10,protocol,7.5,1700,33418,19.6576,6995,3872,0.553538,0.389014,0.332035,0.304327,0.282614,0.256355,0.232366,0.232366,0.232366,0.232366,0.486361,20,170.0
628,18.944000000000006,37,10,protocol,7.5,1700,38638,22.7282,7154,4177,0.583869,0.425445,0.374636,0.34720300000000004,0.32421,0.295363,0.268348,0.268348,0.268348,0.268348,0.486262,20,170.0
629,18.432,36,10,protocol,7.5,1700,32918,19.3635,7300,4069,0.557397,0.390436,0.33152,0.30067,0.279557,0.25292,0.228224,0.228224,0.228224,0.228224,0.486055,20,170.0
630,18.432,36,10,protocol,7.5,1700,32590,19.1706,7425,4038,0.543838,0.381875,0.326762,0.299077,0.277436,0.250524,0.225683,0.225683,0.225683,0.225683,0.485828,20,170.0
631,17.408,34,10,protocol,7.5,1700,32573,19.1606,7620,4106,0.538845,0.385539,0.323929,0.295045,0.273045,0.248854,0.224797,0.224797,0.224797,0.224797,0.485674,20,170.0
632,18.944000000000006,37,10,protocol,7.5,1700,36338,21.3753,7618,4194,0.550538,0.406069,0.350029,0.324945,0.301374,0.276061,0.25058800000000003,0.25058800000000003,0.25058800000000003,0.25058800000000003,0.485637,20,170.0
633,10.24,20,10,protocol,7.5,1700,32011,18.83,7701,3739,0.485521,0.373485,0.319845,0.29025500000000004,0.26712,0.243858,0.220403,0.220403,0.220403,0.220403,0.485821,20,170.0
634,13.824000000000002,27,10,protocol,7.5,1700,32166,18.9212,7811,3834,0.490846,0.369918,0.315634,0.288846,0.268531,0.245209,0.2215,0.2215,0.2215,0.2215,0.4860060000000001,20,170.0
635,8.192,16,10,protocol,7.5,1700,39784,23.4024,7750,4563,0.588774,0.455387,0.393442,0.361599,0.335324,0.303573,0.273811,0.273811,0.273811,0.273811,0.486141,20,170.0
636,19.968,39,10,protocol,7.5,1700,43271,25.4535,7664,4759,0.620955,0.458376,0.39742,0.371405,0.349356,0.324971,0.297906,0.297906,0.297906,0.297906,0.486346,20,170.0
637,16.384,32,10,protocol,7.5,1700,44290,26.0529,7787,4782,0.6141,0.4839310000000001,0.426655,0.394763,0.369459,0.337637,0.305406,0.305406,0.305406,0.305406,0.486454,20,170.0
638,12.288,24,10,protocol,7.5,1700,37702,22.1776,7634,4090,0.5357609999999999,0.419106,0.368325,0.341053,0.316262,0.287563,0.260649,0.260649,0.260649,0.260649,0.486573,20,170.0
639,15.872,31,10,protocol,7.5,1700,50585,29.7559,7530,4942,0.656308,0.528309,0.471513,0.439751,0.415945,0.38365,0.349894,0.349894,0.349894,0.349894,0.486713,20,170.0
640,12.8,25,10,protocol,7.5,1700,37658,22.1518,7402,3969,0.5362060000000001,0.399935,0.352977,0.329112,0.310071,0.285802,0.260973,0.260973,0.260973,0.260973,0.486911,20,170.0
641,22.528,44,10,protocol,7.5,1700,42815,25.1853,7426,4422,0.595475,0.446016,0.389271,0.363807,0.345636,0.32305700000000004,0.296602,0.296602,0.296602,0.296602,0.486975,20,170.0
642,15.872,31,10,protocol,7.5,1700,33569,19.7465,7354,3741,0.508703,0.371988,0.326678,0.303197,0.283556,0.257651,0.233073,0.233073,0.233073,0.233073,0.486999,20,170.0
643,18.944000000000006,37,10,protocol,7.5,1700,42346,24.9094,7667,4599,0.599843,0.457682,0.401666,0.371159,0.349,0.322311,0.294289,0.294289,0.294289,0.294289,0.487084,20,170.0
644,18.432,36,10,protocol,7.5,1700,36175,21.2794,7923,4465,0.563549,0.41722,0.358818,0.331066,0.306176,0.277753,0.251512,0.251512,0.251512,0.251512,0.486923,20,170.0
645,17.408,34,10,protocol,7.5,1700,44503,26.1782,8078,4944,0.6120329999999999,0.468308,0.4144060000000001,0.390341,0.367294,0.338918,0.309316,0.309316,0.309316,0.309316,0.487053,20,170.0
646,18.944000000000006,37,10,protocol,7.5,1700,30352,17.8541,8343,4084,0.489512,0.352806,0.30101,0.276266,0.255427,0.232629,0.21058,0.21058,0.21058,0.21058,0.486924,20,170.0
647,18.432,36,10,protocol,7.5,1700,32397,19.0571,8508,4285,0.503644,0.376173,0.321811,0.29538600000000004,0.272468,0.247764,0.224774,0.224774,0.224774,0.224774,0.4868270000000001,20,170.0
648,18.432,36,10,protocol,7.5,1700,33367,19.6276,8329,4405,0.528875,0.39268,0.336294,0.307727,0.283402,0.256388,0.230705,0.230705,0.230705,0.230705,0.486698,20,170.0
649,14.336,28,10,protocol,7.5,1700,34447,20.2629,8266,4098,0.495766,0.378157,0.332417,0.309739,0.289495,0.263802,0.238073,0.238073,0.238073,0.238073,0.486814,20,170.0
650,20.992,41,10,protocol,7.5,1700,39174,23.0435,8108,4349,0.536384,0.404678,0.36303,0.34410300000000005,0.325791,0.29859,0.270672,0.270672,0.270672,0.270672,0.486756,20,170.0
651,16.896,33,10,protocol,7.5,1700,35206,20.7094,8027,4092,0.509779,0.385829,0.340032,0.316601,0.29630700000000004,0.270127,0.243541,0.243541,0.243541,0.243541,0.48666,20,170.0
652,18.432,36,10,protocol,7.5,1700,46672,27.4541,8059,5103,0.633205,0.494364,0.4359560000000001,0.404631,0.3813760000000001,0.353632,0.32358200000000004,0.32358200000000004,0.32358200000000004,0.32358200000000004,0.48675,20,170.0
653,15.872,31,10,protocol,7.5,1700,34457,20.2688,8023,4094,0.510283,0.383835,0.331987,0.308209,0.28841500000000003,0.26405700000000004,0.238774,0.238774,0.238774,0.238774,0.4868560000000001,20,170.0
654,15.872,31,10,protocol,7.5,1700,36716,21.5976,7733,4344,0.5617479999999999,0.425223,0.36241,0.331735,0.3078,0.281528,0.25458000000000003,0.25458000000000003,0.25458000000000003,0.25458000000000003,0.487097,20,170.0
655,12.8,25,10,protocol,7.5,1700,33554,19.7376,7528,3750,0.49814,0.376356,0.32807,0.303222,0.282933,0.25796,0.232359,0.232359,0.232359,0.232359,0.487244,20,170.0
656,15.872,31,10,protocol,7.5,1700,44970,26.4529,7718,4820,0.624514,0.486641,0.430587,0.400871,0.372597,0.342939,0.31106500000000004,0.31106500000000004,0.31106500000000004,0.31106500000000004,0.4874020000000001,20,170.0
657,20.992,41,10,protocol,7.5,1700,39832,23.4306,7604,4437,0.583509,0.437716,0.380546,0.350645,0.32852600000000004,0.302725,0.275023,0.275023,0.275023,0.275023,0.487336,20,170.0
658,18.432,36,10,protocol,7.5,1700,32600,19.1765,7753,4203,0.542113,0.395132,0.331745,0.301299,0.275885,0.249191,0.22513200000000005,0.22513200000000005,0.22513200000000005,0.22513200000000005,0.48723,20,170.0
659,11.776,23,10,protocol,7.5,1700,31742,18.6718,7701,3919,0.508895,0.383071,0.324324,0.291841,0.268043,0.242344,0.219002,0.219002,0.219002,0.219002,0.487367,20,170.0
660,12.288,24,10,protocol,7.5,1700,38557,22.6806,7711,4460,0.578395,0.4452140000000001,0.381282,0.349346,0.321397,0.292457,0.265693,0.265693,0.265693,0.265693,0.487525,20,170.0
661,18.944000000000006,37,10,protocol,7.5,1700,48886,28.7565,7784,5010,0.643628,0.5114770000000001,0.452891,0.42211,0.396268,0.366719,0.335886,0.335886,0.335886,0.335886,0.487646,20,170.0
662,17.408,34,10,protocol,7.5,1700,34022,20.0129,7674,4051,0.527886,0.391339,0.336201,0.305578,0.28165100000000004,0.256367,0.232643,0.232643,0.232643,0.232643,0.48757,20,170.0
663,16.384,32,10,protocol,7.5,1700,38146,22.4388,7399,4134,0.558724,0.415887,0.361445,0.335231,0.311454,0.286182,0.260104,0.260104,0.260104,0.260104,0.487537,20,170.0
664,16.384,32,10,protocol,7.5,1700,32729,19.2524,7310,3948,0.540082,0.384905,0.326891,0.297627,0.272307,0.246517,0.223014,0.223014,0.223014,0.223014,0.487354,20,170.0
665,16.384,32,10,protocol,7.5,1700,33463,19.6841,7403,3996,0.5397810000000001,0.388105,0.331463,0.303087,0.280688,0.252474,0.227703,0.227703,0.227703,0.227703,0.487175,20,170.0
666,13.824000000000002,27,10,protocol,7.5,1700,31071,18.2771,7416,3747,0.505259,0.36363,0.310254,0.281298,0.258184,0.23329,0.211279,0.211279,0.211279,0.211279,0.48714,20,170.0
667,14.336,28,10,protocol,7.5,1700,38135,22.4324,7329,4226,0.576613,0.42525,0.366052,0.333275,0.310029,0.284433,0.259213,0.259213,0.259213,0.259213,0.487363,20,170.0
668,17.92,35,10,protocol,7.5,1700,41206,24.2388,7175,4230,0.589547,0.44328,0.388012,0.359457,0.333445,0.306214,0.279715,0.279715,0.279715,0.279715,0.4873,20,170.0
669,8.704,17,10,protocol,7.5,1700,38996,22.9388,7245,4011,0.553623,0.427043,0.366864,0.341548,0.31760900000000003,0.291341,0.264474,0.264474,0.264474,0.264474,0.487422,20,170.0
670,19.456,38,10,protocol,7.5,1700,49470,29.1,7227,4847,0.670679,0.528573,0.4618890000000001,0.426289,0.397231,0.367103,0.335864,0.335864,0.335864,0.335864,0.48753,20,170.0
671,16.384,32,10,protocol,7.5,1700,33395,19.6441,7308,3896,0.5331140000000001,0.388112,0.328247,0.299679,0.275854,0.250834,0.226967,0.226967,0.226967,0.226967,0.487566,20,170.0
672,16.384,32,10,protocol,7.5,1700,35076,20.6329,7340,4054,0.552316,0.401759,0.34285,0.313125,0.287529,0.262525,0.238049,0.238049,0.238049,0.238049,0.487376,20,170.0
673,16.384,32,10,protocol,7.5,1700,30343,17.8488,7353,3671,0.499252,0.353428,0.299547,0.272355,0.250488,0.22743,0.205752,0.205752,0.205752,0.205752,0.487233,20,170.0
674,16.384,32,10,protocol,7.5,1700,33918,19.9518,7253,3930,0.541845,0.387677,0.328614,0.299424,0.27712,0.253645,0.230237,0.230237,0.230237,0.230237,0.487204,20,170.0
675,15.36,30,10,protocol,7.5,1700,34395,20.2324,7239,3890,0.537367,0.388971,0.33536,0.30843200000000004,0.284578,0.257911,0.23428,0.23428,0.23428,0.23428,0.487112,20,170.0
676,14.848,29,10,protocol,7.5,1700,33564,19.7435,7267,3877,0.533508,0.386108,0.329277,0.30056900000000003,0.27557600000000004,0.251713,0.228968,0.228968,0.228968,0.228968,0.487084,20,170.0
677,10.752,21,10,protocol,7.5,1700,35231,20.7241,7304,3854,0.527656,0.402981,0.347082,0.315408,0.290871,0.26452800000000004,0.240576,0.240576,0.240576,0.240576,0.487199,20,170.0
678,13.312,26,10,protocol,7.5,1700,42914,25.2435,7496,4794,0.639541,0.487733,0.422532,0.387599,0.358137,0.32400300000000004,0.29357300000000003,0.29357300000000003,0.29357300000000003,0.29357300000000003,0.4873560000000001,20,170.0
679,13.824000000000002,27,10,protocol,7.5,1700,40172,23.6306,7592,4615,0.607877,0.457109,0.390069,0.357693,0.329195,0.301667,0.27505300000000005,0.27505300000000005,0.27505300000000005,0.27505300000000005,0.48752,20,170.0
680,16.384,32,10,protocol,7.5,1700,36924,21.72,7790,4238,0.544031,0.405249,0.348129,0.32165900000000003,0.301089,0.277379,0.253066,0.253066,0.253066,0.253066,0.487404,20,170.0
681,13.312,26,10,protocol,7.5,1700,39992,23.5247,7678,4461,0.5810109999999999,0.445183,0.387042,0.35649400000000003,0.331288,0.302252,0.273701,0.273701,0.273701,0.273701,0.4874770000000001,20,170.0
682,16.896,33,10,protocol,7.5,1700,36980,21.7529,7691,4176,0.542972,0.398895,0.345575,0.320216,0.299627,0.277245,0.253159,0.253159,0.253159,0.253159,0.487403,20,170.0
683,13.312,26,10,protocol,7.5,1700,36568,21.5106,7589,4465,0.5883520000000001,0.415626,0.353905,0.32238,0.29856900000000003,0.274493,0.250404,0.250404,0.250404,0.250404,0.487436,20,170.0
684,17.408,34,10,protocol,7.5,1700,35578,20.9282,7691,4357,0.5665060000000001,0.400234,0.34328400000000003,0.314708,0.29140900000000003,0.267599,0.243611,0.243611,0.243611,0.243611,0.487391,20,170.0
685,15.36,30,10,protocol,7.5,1700,33353,19.6194,7521,4128,0.548863,0.39803,0.336399,0.306223,0.280449,0.25355500000000003,0.228072,0.228072,0.228072,0.228072,0.487209,20,170.0
686,9.728,19,10,protocol,7.5,1700,33803,19.8841,7398,3917,0.529467,0.390625,0.332907,0.302475,0.279162,0.255015,0.230925,0.230925,0.230925,0.230925,0.487309,20,170.0
687,13.824000000000002,27,10,protocol,7.5,1700,37073,21.8076,7268,4066,0.559439,0.416247,0.362781,0.331593,0.306795,0.28015,0.252705,0.252705,0.252705,0.252705,0.487479,20,170.0
688,16.384,32,10,protocol,7.5,1700,36839,21.67,7290,4180,0.573388,0.421945,0.362879,0.32752600000000004,0.30185500000000004,0.277109,0.25129,0.25129,0.25129,0.25129,0.487479,20,170.0
689,14.336,28,10,protocol,7.5,1700,34076,20.0447,7474,4004,0.535724,0.38634,0.32855700000000004,0.299874,0.278766,0.256158,0.232536,0.232536,0.232536,0.232536,0.487417,20,170.0
690,16.896,33,10,protocol,7.5,1700,34338,20.1988,7550,4029,0.5336420000000001,0.397171,0.3391,0.311294,0.28821,0.260922,0.234841,0.234841,0.234841,0.234841,0.487308,20,170.0
691,16.384,32,10,protocol,7.5,1700,33837,19.9041,7555,4211,0.557379,0.407282,0.343789,0.31119600000000003,0.286312,0.258572,0.231629,0.231629,0.231629,0.231629,0.487106,20,170.0
692,16.384,32,10,protocol,7.5,1700,34370,20.2176,7462,4029,0.539936,0.398375,0.336467,0.305285,0.282006,0.259754,0.235693,0.235693,0.235693,0.235693,0.487077,20,170.0
693,11.264,22,10,protocol,7.5,1700,30565,17.9794,7516,3781,0.5030600000000001,0.368961,0.310265,0.282548,0.260143,0.234223,0.21022,0.21022,0.21022,0.21022,0.486965,20,170.0
694,4.6080000000000005,9,10,protocol,7.5,1700,31592,18.5835,7408,3399,0.458828,0.372297,0.323455,0.300316,0.276914,0.244917,0.218038,0.218038,0.218038,0.218038,0.487083,20,170.0
695,8.192,16,10,protocol,7.5,1700,31340,18.4353,7419,3897,0.525273,0.391776,0.332717,0.298724,0.27316,0.242263,0.217117,0.217117,0.217117,0.217117,0.487365,20,170.0
696,10.24,20,10,protocol,7.5,1700,36245,21.3206,7294,4181,0.5732109999999999,0.436982,0.37259,0.338386,0.312327,0.279841,0.251346,0.251346,0.251346,0.251346,0.487453,20,170.0
697,16.896,33,10,protocol,7.5,1700,49095,28.8794,7312,5045,0.689962,0.545141,0.481487,0.442044,0.411463,0.375227,0.341106,0.341106,0.341106,0.341106,0.4875930000000001,20,170.0
698,15.872,31,10,protocol,7.5,1700,35945,21.1441,7381,3911,0.529874,0.400655,0.350764,0.324504,0.302452,0.27618400000000004,0.250348,0.250348,0.250348,0.250348,0.4876680000000001,20,170.0
699,16.384,32,10,protocol,7.5,1700,33760,19.8588,7302,3996,0.547247,0.40249,0.342389,0.313502,0.289887,0.262207,0.235723,0.235723,0.235723,0.235723,0.487616,20,170.0
700,15.872,31,10,protocol,7.5,1700,34556,20.3271,7358,4006,0.544441,0.406528,0.348206,0.320371,0.29627800000000004,0.269249,0.241724,0.241724,0.241724,0.241724,0.487511,20,170.0
701,15.872,31,10,protocol,7.5,1700,33292,19.5835,7340,4052,0.552044,0.396264,0.336499,0.307297,0.28286999999999995,0.258743,0.233553,0.233553,0.233553,0.233553,0.487423,20,170.0
702,16.384,32,10,protocol,7.5,1700,32161,18.9182,7050,3809,0.540284,0.384261,0.3273,0.299279,0.275835,0.25166900000000003,0.226505,0.226505,0.226505,0.226505,0.487285,20,170.0
703,15.872,31,10,protocol,7.5,1700,31575,18.5735,6981,3846,0.550924,0.395465,0.335188,0.302343,0.277704,0.249346,0.223459,0.223459,0.223459,0.223459,0.487221,20,170.0
704,16.384,32,10,protocol,7.5,1700,34140,20.0824,7056,3877,0.549461,0.402927,0.346283,0.31791,0.296255,0.268538,0.241968,0.241968,0.241968,0.241968,0.487138,20,170.0
705,13.312,26,10,protocol,7.5,1700,35077,20.6335,6885,3845,0.5584600000000001,0.41235,0.357165,0.326645,0.30248200000000003,0.275068,0.248797,0.248797,0.248797,0.248797,0.48724,20,170.0
706,15.36,30,10,protocol,7.5,1700,40023,23.5429,6771,3972,0.586619,0.448257,0.396006,0.366185,0.342645,0.31419400000000003,0.284421,0.284421,0.284421,0.284421,0.487128,20,170.0
707,14.336,28,10,protocol,7.5,1700,31499,18.5288,6807,3632,0.533568,0.389482,0.330332,0.29892,0.276061,0.249345,0.223864,0.223864,0.223864,0.223864,0.486975,20,170.0
708,11.776,23,10,protocol,7.5,1700,40127,23.6041,6746,4196,0.6219979999999999,0.473036,0.409879,0.377881,0.351419,0.317637,0.285634,0.285634,0.285634,0.285634,0.487051,20,170.0
709,12.8,25,10,protocol,7.5,1700,37563,22.0959,6843,3891,0.5686100000000001,0.433316,0.375438,0.3473,0.325225,0.296531,0.267805,0.267805,0.267805,0.267805,0.487017,20,170.0
710,15.36,30,10,protocol,7.5,1700,38243,22.4959,6778,4150,0.612275,0.4543680000000001,0.388322,0.353621,0.327836,0.300661,0.272951,0.272951,0.272951,0.272951,0.487051,20,170.0
711,14.336,28,10,protocol,7.5,1700,31982,18.8129,6947,3840,0.5527569999999999,0.394417,0.33342,0.302298,0.27838,0.254318,0.228032,0.228032,0.228032,0.228032,0.4868770000000001,20,170.0
712,12.8,25,10,protocol,7.5,1700,33755,19.8559,6992,3949,0.564788,0.418959,0.358125,0.32260500000000003,0.294258,0.268152,0.241717,0.241717,0.241717,0.241717,0.486865,20,170.0
713,11.264,22,10,protocol,7.5,1700,33999,19.9994,6821,3814,0.559156,0.412152,0.353949,0.321477,0.298553,0.27103,0.244414,0.244414,0.244414,0.244414,0.486751,20,170.0
714,12.8,25,10,protocol,7.5,1700,41483,24.4018,6925,4317,0.623394,0.469357,0.407642,0.378011,0.353687,0.327042,0.298418,0.298418,0.298418,0.298418,0.48672,20,170.0
715,10.24,20,10,protocol,7.5,1700,31034,18.2553,6873,3727,0.542267,0.39607,0.335334,0.303075,0.27736900000000003,0.249187,0.223169,0.223169,0.223169,0.223169,0.486613,20,170.0
716,6.144,12,10,protocol,7.5,1700,30832,18.1365,6892,3606,0.523215,0.400055,0.340853,0.30843000000000004,0.280455,0.249713,0.221425,0.221425,0.221425,0.221425,0.486703,20,170.0
717,9.216,18,10,protocol,7.5,1700,42392,24.9365,6946,4534,0.65275,0.5101760000000001,0.443172,0.401098,0.371287,0.33842,0.30542,0.30542,0.30542,0.30542,0.486855,20,170.0
718,11.776,23,10,protocol,7.5,1700,45826,26.9565,6757,4569,0.676188,0.53947,0.473351,0.43453,0.402012,0.366503,0.330579,0.330579,0.330579,0.330579,0.48698,20,170.0
719,12.8,25,10,protocol,7.5,1700,37171,21.8653,6775,3941,0.581697,0.439151,0.381549,0.349592,0.32249,0.297046,0.268361,0.268361,0.268361,0.268361,0.487104,20,170.0
720,10.752,21,10,protocol,7.5,1700,32147,18.91,6790,3945,0.581001,0.413529,0.350695,0.314237,0.285986,0.259462,0.232362,0.232362,0.232362,0.232362,0.487029,20,170.0
721,10.752,21,10,protocol,7.5,1700,42398,24.94,6853,4276,0.6239600000000001,0.504078,0.44349,0.4099890000000001,0.378777,0.34280900000000003,0.307039,0.307039,0.307039,0.307039,0.487144,20,170.0
722,14.336,28,10,protocol,7.5,1700,37629,22.1347,6740,4243,0.629525,0.459558,0.396875,0.36518,0.335307,0.303636,0.272893,0.272893,0.272893,0.272893,0.487154,20,170.0
723,8.704,17,10,protocol,7.5,1700,33900,19.9412,6821,3582,0.525143,0.413641,0.360638,0.331901,0.303643,0.274348,0.245888,0.245888,0.245888,0.245888,0.487202,20,170.0
724,11.264,22,10,protocol,7.5,1700,46953,27.6194,6763,4830,0.71418,0.5850310000000001,0.507027,0.464868,0.426037,0.381904,0.340975,0.340975,0.340975,0.340975,0.487313,20,170.0
725,13.824000000000002,27,10,protocol,7.5,1700,41213,24.2429,6876,4385,0.637725,0.4886180000000001,0.42394,0.391375,0.361267,0.331092,0.299675,0.299675,0.299675,0.299675,0.487285,20,170.0
726,12.288,24,10,protocol,7.5,1700,32632,19.1953,6731,3866,0.574357,0.428099,0.361394,0.325709,0.297374,0.264736,0.237937,0.237937,0.237937,0.237937,0.487157,20,170.0
727,12.288,24,10,protocol,7.5,1700,33269,19.57,6666,3876,0.581458,0.430186,0.366021,0.330185,0.303161,0.271106,0.242856,0.242856,0.242856,0.242856,0.4870100000000001,20,170.0
728,10.24,20,10,protocol,7.5,1700,34421,20.2476,6680,3683,0.551347,0.419163,0.359137,0.326674,0.303721,0.278035,0.251979,0.251979,0.251979,0.251979,0.48712,20,170.0
729,7.1679999999999975,14,10,protocol,7.5,1700,34866,20.5094,6630,3938,0.593967,0.446481,0.379077,0.343517,0.31400100000000003,0.284177,0.255967,0.255967,0.255967,0.255967,0.487298,20,170.0
730,14.848,29,10,protocol,7.5,1700,41957,24.6806,6371,4185,0.656883,0.495773,0.430254,0.393419,0.36766,0.339073,0.30803800000000003,0.30803800000000003,0.30803800000000003,0.30803800000000003,0.487447,20,170.0
731,14.336,28,10,protocol,7.5,1700,45054,26.5024,6229,4146,0.665596,0.523796,0.4578100000000001,0.422768,0.396751,0.3652,0.33164,0.33164,0.33164,0.33164,0.4875350000000001,20,170.0
732,15.36,30,10,protocol,7.5,1700,35490,20.8765,6337,3928,0.6198520000000001,0.450091,0.384232,0.348165,0.320862,0.29101,0.26176,0.26176,0.26176,0.26176,0.487527,20,170.0
733,12.288,24,10,protocol,7.5,1700,32628,19.1929,6392,3624,0.566959,0.415757,0.354645,0.321415,0.295606,0.268066,0.241234,0.241234,0.241234,0.241234,0.487646,20,170.0
734,11.264,22,10,protocol,7.5,1700,33098,19.4694,6436,3788,0.5885640000000001,0.422928,0.364617,0.32866100000000004,0.300452,0.272142,0.245384,0.245384,0.245384,0.245384,0.487522,20,170.0
735,12.288,24,10,protocol,7.5,1700,35963,21.1547,6566,4043,0.615748,0.452823,0.392236,0.355281,0.326885,0.29591300000000004,0.267334,0.267334,0.267334,0.267334,0.487496,20,170.0
736,12.288,24,10,protocol,7.5,1700,34406,20.2388,6562,3824,0.582749,0.430972,0.372821,0.340287,0.311624,0.282549,0.25625,0.25625,0.25625,0.25625,0.487425,20,170.0
737,12.288,24,10,protocol,7.5,1700,32233,18.9606,6651,3836,0.576755,0.42142,0.361703,0.327888,0.298354,0.267166,0.240497,0.240497,0.240497,0.240497,0.487383,20,170.0
738,12.288,24,10,protocol,7.5,1700,31645,18.6147,6625,3826,0.577509,0.416909,0.354099,0.31966500000000003,0.290707,0.262155,0.23654,0.23654,0.23654,0.23654,0.487221,20,170.0
739,12.288,24,10,protocol,7.5,1700,35473,20.8665,6750,4065,0.602222,0.44595,0.382263,0.349748,0.321201,0.292186,0.265192,0.265192,0.265192,0.265192,0.487091,20,170.0
740,12.288,24,10,protocol,7.5,1700,34251,20.1476,6975,3983,0.5710390000000001,0.429265,0.370948,0.339627,0.311737,0.283075,0.256216,0.256216,0.256216,0.256216,0.486926,20,170.0
741,12.288,24,10,protocol,7.5,1700,34492,20.2894,7008,3854,0.5499430000000001,0.419602,0.367237,0.338944,0.311292,0.284104,0.25795500000000005,0.25795500000000005,0.25795500000000005,0.25795500000000005,0.487071,20,170.0
742,12.288,24,10,protocol,7.5,1700,36652,21.56,7020,4380,0.6239319999999999,0.465611,0.397736,0.361506,0.332031,0.302073,0.273306,0.273306,0.273306,0.273306,0.486957,20,170.0
743,13.312,26,10,protocol,7.5,1700,37667,22.1571,7207,4287,0.594838,0.463374,0.403052,0.370466,0.338528,0.310155,0.280061,0.280061,0.280061,0.280061,0.487028,20,170.0
744,14.336,28,10,protocol,7.5,1700,31691,18.6418,7235,4264,0.589357,0.419507,0.35199899999999995,0.318299,0.290104,0.262137,0.235341,0.235341,0.235341,0.235341,0.486844,20,170.0
745,11.776,23,10,protocol,7.5,1700,29151,17.1476,7063,3643,0.515786,0.373897,0.325372,0.29620100000000005,0.270189,0.242343,0.216175,0.216175,0.216175,0.216175,0.486836,20,170.0
746,15.872,31,10,protocol,7.5,1700,41627,24.4865,6798,4527,0.665931,0.513367,0.440416,0.403712,0.372588,0.341418,0.307884,0.307884,0.307884,0.307884,0.486895,20,170.0
747,14.848,29,10,protocol,7.5,1700,38552,22.6776,6822,4328,0.634418,0.4723729999999999,0.40883,0.373651,0.344674,0.31655300000000003,0.285086,0.285086,0.285086,0.285086,0.486844,20,170.0
748,14.336,28,10,protocol,7.5,1700,33024,19.4259,6588,3908,0.5932,0.417343,0.35840900000000003,0.32663600000000004,0.299973,0.27215100000000003,0.244178,0.244178,0.244178,0.244178,0.486673,20,170.0
749,14.336,28,10,protocol,7.5,1700,33581,19.7535,6572,3955,0.601795,0.4325020000000001,0.368782,0.334735,0.307433,0.276922,0.248041,0.248041,0.248041,0.248041,0.486513,20,170.0
750,10.24,20,10,protocol,7.5,1700,34357,20.21,6592,3747,0.568416,0.432999,0.364354,0.331098,0.30659400000000003,0.279781,0.253461,0.253461,0.253461,0.253461,0.486493,20,170.0
751,8.704,17,10,protocol,7.5,1700,33683,19.8135,6608,3714,0.562046,0.4137520000000001,0.357459,0.327075,0.301817,0.275045,0.248627,0.248627,0.248627,0.248627,0.486625,20,170.0
752,9.216,18,10,protocol,7.5,1700,29223,17.19,6930,3433,0.495382,0.369565,0.314678,0.288918,0.26743,0.240038,0.215455,0.215455,0.215455,0.215455,0.486741,20,170.0
753,7.68,15,10,protocol,7.5,1700,42620,25.0706,7039,4599,0.65336,0.521582,0.455286,0.419127,0.387017,0.34944200000000003,0.313651,0.313651,0.313651,0.313651,0.486853,20,170.0
754,8.704,17,10,protocol,7.5,1700,39275,23.1029,7324,4472,0.610595,0.483384,0.419648,0.388958,0.358599,0.321682,0.287497,0.287497,0.287497,0.287497,0.486964,20,170.0
755,10.752,21,10,protocol,7.5,1700,45622,26.8365,7184,4786,0.666203,0.522687,0.4581270000000001,0.4240600000000001,0.396516,0.366433,0.333268,0.333268,0.333268,0.333268,0.487079,20,170.0
756,13.824000000000002,27,10,protocol,7.5,1700,40991,24.1124,6932,4333,0.6250720000000001,0.476145,0.410664,0.379741,0.35638000000000003,0.327763,0.298729,0.298729,0.298729,0.298729,0.487099,20,170.0
757,13.824000000000002,27,10,protocol,7.5,1700,46782,27.5188,6817,4725,0.69312,0.543671,0.4770970000000001,0.441207,0.411064,0.37583,0.339771,0.339771,0.339771,0.339771,0.487193,20,170.0
758,14.848,29,10,protocol,7.5,1700,33738,19.8459,6701,3846,0.573944,0.421707,0.359273,0.32479600000000003,0.300469,0.27155,0.244547,0.244547,0.244547,0.244547,0.487055,20,170.0
759,12.8,25,10,protocol,7.5,1700,31950,18.7941,6777,3673,0.54198,0.395089,0.338486,0.307927,0.283748,0.256359,0.23104,0.23104,0.23104,0.23104,0.487044,20,170.0
760,15.36,30,10,protocol,7.5,1700,38955,22.9147,6915,4138,0.598409,0.447165,0.39252,0.361612,0.339215,0.31061500000000003,0.280491,0.280491,0.280491,0.280491,0.486919,20,170.0
761,14.336,28,10,protocol,7.5,1700,33200,19.5294,6961,4069,0.584542,0.4168810000000001,0.354679,0.321531,0.295308,0.265511,0.237945,0.237945,0.237945,0.237945,0.486795,20,170.0
762,14.336,28,10,protocol,7.5,1700,30648,18.0282,6946,3690,0.531241,0.383245,0.324716,0.294532,0.27113400000000004,0.243854,0.219114,0.219114,0.219114,0.219114,0.486645,20,170.0
763,14.336,28,10,protocol,7.5,1700,33573,19.7488,6959,3955,0.568329,0.415021,0.3549,0.320495,0.295196,0.26621,0.2396800000000001,0.2396800000000001,0.2396800000000001,0.2396800000000001,0.486596,20,170.0
764,14.336,28,10,protocol,7.5,1700,34461,20.2712,6790,3940,0.5802649999999999,0.421474,0.360436,0.328768,0.302431,0.272443,0.245683,0.245683,0.245683,0.245683,0.486493,20,170.0
765,14.336,28,10,protocol,7.5,1700,31736,18.6682,6732,3781,0.561646,0.3975260000000001,0.336256,0.303571,0.277635,0.250704,0.225311,0.225311,0.225311,0.225311,0.486316,20,170.0
766,11.776,23,10,protocol,7.5,1700,37560,22.0941,6838,3937,0.575753,0.435145,0.379854,0.348142,0.323543,0.29380500000000004,0.26518,0.26518,0.26518,0.26518,0.486429,20,170.0
767,15.872,31,10,protocol,7.5,1700,36855,21.6794,6671,3637,0.545196,0.411251,0.35699000000000003,0.32879899999999995,0.307475,0.285,0.259567,0.259567,0.259567,0.259567,0.486465,20,170.0
768,8.704,17,10,protocol,7.5,1700,29592,17.4071,6644,3238,0.487357,0.366987,0.316134,0.285943,0.261358,0.233569,0.208186,0.208186,0.208186,0.208186,0.486454,20,170.0
769,9.728,19,10,protocol,7.5,1700,34087,20.0512,6498,3451,0.531086,0.412213,0.354331,0.322597,0.294623,0.26781,0.239023,0.239023,0.239023,0.239023,0.486559,20,170.0
770,11.264,22,10,protocol,7.5,1700,42237,24.8453,6450,4041,0.626512,0.479504,0.420135,0.384104,0.356548,0.327037,0.29532800000000003,0.29532800000000003,0.29532800000000003,0.29532800000000003,0.4866970000000001,20,170.0
771,13.312,26,10,protocol,7.5,1700,40262,23.6835,6551,3942,0.6017399999999999,0.469896,0.407883,0.370442,0.343662,0.313717,0.28133800000000003,0.28133800000000003,0.28133800000000003,0.28133800000000003,0.486828,20,170.0
772,14.848,29,10,protocol,7.5,1700,45689,26.8759,6672,4295,0.6437350000000001,0.496888,0.4356140000000001,0.405414,0.380597,0.35191,0.31897,0.31897,0.31897,0.31897,0.486924,20,170.0
773,20.992,41,10,protocol,7.5,1700,36891,21.7006,6556,3776,0.575961,0.421512,0.363566,0.33588,0.313191,0.285871,0.25713,0.25713,0.25713,0.25713,0.486855,20,170.0
774,16.896,33,10,protocol,7.5,1700,35535,20.9029,6557,3698,0.5639770000000001,0.426032,0.363794,0.329675,0.304261,0.276243,0.24736,0.24736,0.24736,0.24736,0.4867770000000001,20,170.0
775,17.408,34,10,protocol,7.5,1700,35123,20.6606,6659,3617,0.543175,0.400465,0.34511,0.316117,0.29332600000000003,0.270563,0.243993,0.243993,0.243993,0.243993,0.486748,20,170.0
776,17.408,34,10,protocol,7.5,1700,38701,22.7653,6598,3811,0.577599,0.4306100000000001,0.374368,0.340791,0.319245,0.296614,0.268748,0.268748,0.268748,0.268748,0.486759,20,170.0
777,14.848,29,10,protocol,7.5,1700,31304,18.4141,6749,3583,0.5308930000000001,0.378818,0.32664,0.295773,0.272689,0.244739,0.217548,0.217548,0.217548,0.217548,0.486745,20,170.0
778,20.992,41,10,protocol,7.5,1700,39573,23.2782,7007,4174,0.5956899999999999,0.45598,0.392021,0.359233,0.333478,0.304762,0.275323,0.275323,0.275323,0.275323,0.486746,20,170.0
779,17.408,34,10,protocol,7.5,1700,33114,19.4788,6863,3841,0.559668,0.396972,0.335599,0.307346,0.283121,0.255841,0.230043,0.230043,0.230043,0.230043,0.486571,20,170.0
780,17.408,34,10,protocol,7.5,1700,33871,19.9241,6723,3836,0.570579,0.405684,0.335886,0.304068,0.28176,0.258891,0.235341,0.235341,0.235341,0.235341,0.4866720000000001,20,170.0
781,16.384,32,10,protocol,7.5,1700,31779,18.6935,6733,3673,0.5455220000000001,0.3865,0.32798,0.29557100000000003,0.271743,0.246376,0.220756,0.220756,0.220756,0.220756,0.486536,20,170.0
782,16.896,33,10,protocol,7.5,1700,38324,22.5435,6498,3805,0.585565,0.427822,0.371804,0.341304,0.317966,0.293513,0.26652,0.26652,0.26652,0.26652,0.48666,20,170.0
783,16.384,32,10,protocol,7.5,1700,33495,19.7029,6588,3618,0.54918,0.396071,0.338139,0.306466,0.285067,0.259993,0.233028,0.233028,0.233028,0.233028,0.486475,20,170.0
784,14.848,29,10,protocol,7.5,1700,29862,17.5659,6706,3481,0.519087,0.372675,0.316629,0.282631,0.258346,0.233019,0.208215,0.208215,0.208215,0.208215,0.486378,20,170.0
785,16.896,33,10,protocol,7.5,1700,45450,26.7353,6735,4286,0.6363770000000001,0.489021,0.431101,0.400272,0.377337,0.348031,0.317198,0.317198,0.317198,0.317198,0.486459,20,170.0
786,12.288,24,10,protocol,7.5,1700,39540,23.2588,6548,3787,0.578345,0.448117,0.393102,0.360666,0.335595,0.305522,0.275985,0.275985,0.275985,0.275985,0.486584,20,170.0
787,15.872,31,10,protocol,7.5,1700,40530,23.8412,6429,3960,0.615959,0.4597770000000001,0.400542,0.369277,0.342803,0.312971,0.282769,0.282769,0.282769,0.282769,0.4865890000000001,20,170.0
788,11.776,23,10,protocol,7.5,1700,30285,17.8147,6566,3310,0.504112,0.362578,0.307307,0.278043,0.257935,0.234183,0.211137,0.211137,0.211137,0.211137,0.486692,20,170.0
789,12.8,25,10,protocol,7.5,1700,43689,25.6994,6798,4214,0.619888,0.477424,0.420451,0.390435,0.367805,0.336463,0.304738,0.304738,0.304738,0.304738,0.4868020000000001,20,170.0
790,15.36,30,10,protocol,7.5,1700,43306,25.4741,6788,4072,0.599882,0.465142,0.414209,0.385937,0.363257,0.33281900000000003,0.302614,0.302614,0.302614,0.302614,0.486885,20,170.0
791,15.36,30,10,protocol,7.5,1700,34036,20.0212,6885,3891,0.565142,0.4046,0.344954,0.317341,0.294126,0.264382,0.238047,0.238047,0.238047,0.238047,0.486742,20,170.0
792,15.872,31,10,protocol,7.5,1700,34509,20.2994,7027,3893,0.554006,0.408334,0.348568,0.318128,0.295107,0.267,0.241793,0.241793,0.241793,0.241793,0.486649,20,170.0
793,16.384,32,10,protocol,7.5,1700,33466,19.6859,6995,3794,0.542387,0.40531,0.345677,0.314056,0.288985,0.25954,0.234021,0.234021,0.234021,0.234021,0.4865350000000001,20,170.0
794,15.872,31,10,protocol,7.5,1700,37603,22.1194,6903,3926,0.568738,0.430117,0.371172,0.341639,0.318619,0.28959,0.26284,0.26284,0.26284,0.26284,0.486469,20,170.0
795,15.872,31,10,protocol,7.5,1700,34155,20.0912,6819,3684,0.540255,0.4005780000000001,0.346976,0.316337,0.29428200000000004,0.26534,0.238302,0.238302,0.238302,0.238302,0.486351,20,170.0
796,10.24,20,10,protocol,7.5,1700,32761,19.2712,6858,3680,0.5366,0.400755,0.340778,0.307141,0.282375,0.254627,0.228134,0.228134,0.228134,0.228134,0.486494,20,170.0
797,16.384,32,10,protocol,7.5,1700,42102,24.7659,7081,4177,0.589888,0.457534,0.40354,0.372784,0.349483,0.322272,0.293422,0.293422,0.293422,0.293422,0.4864850000000001,20,170.0
798,11.776,23,10,protocol,7.5,1700,41189,24.2288,7305,4215,0.577002,0.454704,0.404216,0.376638,0.351084,0.31903400000000004,0.287275,0.287275,0.287275,0.287275,0.48648,20,170.0
799,15.872,31,10,protocol,7.5,1700,37774,22.22,7287,3999,0.548786,0.415434,0.362553,0.33875,0.316679,0.290471,0.26343,0.26343,0.26343,0.26343,0.486429,20,170.0
800,10.752,21,10,protocol,7.5,1700,33122,19.4835,7508,3914,0.521311,0.400023,0.34220300000000003,0.31111300000000003,0.286696,0.257664,0.2310780000000001,0.2310780000000001,0.2310780000000001,0.2310780000000001,0.486372,20,170.0
801,16.384,32,10,protocol,7.5,1700,38539,22.67,7531,4217,0.559952,0.4310229999999999,0.379422,0.351187,0.32633,0.297164,0.268669,0.268669,0.268669,0.268669,0.486376,20,170.0
802,10.24,20,10,protocol,7.5,1700,35231,20.7241,7469,3874,0.518677,0.410273,0.358294,0.325496,0.29830300000000004,0.271167,0.245354,0.245354,0.245354,0.245354,0.486362,20,170.0
803,16.896,33,10,protocol,7.5,1700,48568,28.5694,7472,4921,0.658592,0.523392,0.4606520000000001,0.428123,0.401157,0.371063,0.338334,0.338334,0.338334,0.338334,0.486448,20,170.0
804,14.336,28,10,protocol,7.5,1700,36895,21.7029,7579,4086,0.539121,0.418294,0.361384,0.331212,0.308303,0.282789,0.256952,0.256952,0.256952,0.256952,0.486449,20,170.0
805,13.824000000000002,27,10,protocol,7.5,1700,35826,21.0741,7485,4205,0.56179,0.419286,0.360579,0.326851,0.30259400000000003,0.275807,0.249042,0.249042,0.249042,0.249042,0.486379,20,170.0
806,15.872,31,10,protocol,7.5,1700,41775,24.5735,7283,4150,0.56982,0.446253,0.394246,0.368209,0.34577,0.31911300000000004,0.290564,0.290564,0.290564,0.290564,0.486411,20,170.0
807,15.872,31,10,protocol,7.5,1700,39402,23.1776,7242,4027,0.556062,0.439971,0.385088,0.357403,0.33276999999999995,0.303118,0.274394,0.274394,0.274394,0.274394,0.486483,20,170.0
808,15.872,31,10,protocol,7.5,1700,40936,24.08,7080,3909,0.5521189999999999,0.4435939999999999,0.396316,0.368628,0.345038,0.315295,0.285351,0.285351,0.285351,0.285351,0.486616,20,170.0
809,16.384,32,10,protocol,7.5,1700,35714,21.0082,7324,3971,0.54219,0.40327,0.347579,0.320234,0.3002,0.27475700000000003,0.24897,0.24897,0.24897,0.24897,0.486501,20,170.0
810,15.36,30,10,protocol,7.5,1700,38702,22.7659,7250,4000,0.551724,0.419943,0.370705,0.346045,0.324289,0.298222,0.269192,0.269192,0.269192,0.269192,0.486544,20,170.0
811,17.408,34,10,protocol,7.5,1700,38076,22.3976,7375,4188,0.567864,0.424545,0.371874,0.345291,0.321094,0.294127,0.264561,0.264561,0.264561,0.264561,0.486413,20,170.0
812,14.848,29,10,protocol,7.5,1700,29837,17.5512,7408,3646,0.492171,0.360966,0.307744,0.27786700000000003,0.254271,0.231748,0.20749,0.20749,0.20749,0.20749,0.486309,20,170.0
813,17.92,35,10,protocol,7.5,1700,41051,24.1476,7460,4372,0.586059,0.449775,0.393051,0.364711,0.340812,0.315736,0.28556,0.28556,0.28556,0.28556,0.4862260000000001,20,170.0
814,5.12,10,10,protocol,7.5,1700,26175,15.3971,7255,2997,0.413094,0.316542,0.27655,0.252008,0.229952,0.205462,0.181842,0.181842,0.181842,0.181842,0.486369,20,170.0
815,13.824000000000002,27,10,protocol,7.5,1700,36524,21.4847,7263,3824,0.526504,0.416811,0.360057,0.331538,0.30833,0.281295,0.253921,0.253921,0.253921,0.253921,0.486523,20,170.0
816,13.824000000000002,27,10,protocol,7.5,1700,41042,24.1424,7127,3984,0.559001,0.449884,0.400727,0.370283,0.346745,0.316255,0.285065,0.285065,0.285065,0.285065,0.4866180000000001,20,170.0
817,13.824000000000002,27,10,protocol,7.5,1700,38982,22.9306,7110,3972,0.55865,0.429755,0.381428,0.352213,0.330219,0.300829,0.270314,0.270314,0.270314,0.270314,0.486705,20,170.0
818,17.92,35,10,protocol,7.5,1700,49436,29.08,7155,4656,0.650734,0.525174,0.467115,0.434968,0.411589,0.377117,0.342824,0.342824,0.342824,0.342824,0.486788,20,170.0
819,16.384,32,10,protocol,7.5,1700,38273,22.5135,7151,3834,0.536149,0.411602,0.365833,0.34067800000000004,0.32016,0.292528,0.26486,0.26486,0.26486,0.26486,0.486809,20,170.0
820,19.456,38,10,protocol,7.5,1700,43998,25.8812,7128,4208,0.590348,0.4657850000000001,0.412031,0.383472,0.36286,0.333986,0.304245,0.304245,0.304245,0.304245,0.486905,20,170.0
821,18.432,36,10,protocol,7.5,1700,35607,20.9453,7100,3963,0.5581689999999999,0.412058,0.352115,0.322149,0.298983,0.272556,0.245552,0.245552,0.245552,0.245552,0.48685,20,170.0
822,17.408,34,10,protocol,7.5,1700,33205,19.5324,6958,3636,0.522564,0.383807,0.330489,0.304007,0.282317,0.25627,0.228918,0.228918,0.228918,0.228918,0.486776,20,170.0
823,15.36,30,10,protocol,7.5,1700,30265,17.8029,7219,3450,0.4779060000000001,0.34961,0.302265,0.276722,0.25719699999999995,0.232979,0.208417,0.208417,0.208417,0.208417,0.486738,20,170.0
824,9.728,19,10,protocol,7.5,1700,33856,19.9153,7484,3692,0.493319,0.390912,0.338803,0.31012199999999995,0.287877,0.26079,0.232939,0.232939,0.232939,0.232939,0.486821,20,170.0
825,15.36,30,10,protocol,7.5,1700,49315,29.0088,7349,4951,0.673697,0.540251,0.473996,0.434683,0.406348,0.374394,0.339632,0.339632,0.339632,0.339632,0.4869,20,170.0
826,19.456,38,10,protocol,7.5,1700,46175,27.1618,7423,4766,0.642058,0.500359,0.434886,0.401818,0.377033,0.348054,0.317363,0.317363,0.317363,0.317363,0.486892,20,170.0
827,14.848,29,10,protocol,7.5,1700,34145,20.0853,7182,3615,0.503342,0.378154,0.32963200000000004,0.304987,0.284775,0.25942800000000005,0.234728,0.234728,0.234728,0.234728,0.486923,20,170.0
828,20.48,40,10,protocol,7.5,1700,47607,28.0041,6946,4347,0.6258279999999999,0.494766,0.441226,0.411625,0.388591,0.358069,0.326942,0.326942,0.326942,0.326942,0.486971,20,170.0
829,13.824000000000002,27,10,protocol,7.5,1700,32356,19.0329,6878,3613,0.5252979999999999,0.385624,0.327617,0.297752,0.274748,0.2460320000000001,0.222196,0.222196,0.222196,0.222196,0.48693,20,170.0
830,15.36,30,10,protocol,7.5,1700,39467,23.2159,6952,3724,0.535673,0.428677,0.381785,0.357678,0.333953,0.300125,0.270954,0.270954,0.270954,0.270954,0.487065,20,170.0
831,19.456,38,10,protocol,7.5,1700,41973,24.69,7084,4238,0.59825,0.461151,0.402802,0.371218,0.346766,0.316294,0.287982,0.287982,0.287982,0.287982,0.487071,20,170.0
832,12.8,25,10,protocol,7.5,1700,37587,22.11,7236,4041,0.558458,0.425155,0.365958,0.332405,0.307804,0.283283,0.257465,0.257465,0.257465,0.257465,0.487194,20,170.0
833,23.04,45,10,protocol,7.5,1700,39590,23.2882,7529,4372,0.580688,0.448192,0.386358,0.352605,0.325728,0.297464,0.270764,0.270764,0.270764,0.270764,0.487146,20,170.0
834,10.24,20,10,protocol,7.5,1700,32041,18.8476,7588,3560,0.469162,0.364865,0.314714,0.289022,0.267575,0.242168,0.219067,0.219067,0.219067,0.219067,0.487252,20,170.0
835,13.312,26,10,protocol,7.5,1700,38485,22.6382,7682,4358,0.5673,0.435268,0.37531,0.34292,0.318363,0.28947399999999995,0.262759,0.262759,0.262759,0.262759,0.487379,20,170.0
836,13.312,26,10,protocol,7.5,1700,35703,21.0018,7726,3777,0.488869,0.391569,0.342127,0.317129,0.295522,0.269359,0.243367,0.243367,0.243367,0.243367,0.487464,20,170.0
837,13.824000000000002,27,10,protocol,7.5,1700,40818,24.0106,7944,4306,0.542044,0.443736,0.395224,0.364426,0.33891,0.308229,0.278098,0.278098,0.278098,0.278098,0.48749,20,170.0
838,17.92,35,10,protocol,7.5,1700,50410,29.6529,7939,5472,0.6892560000000001,0.539188,0.474799,0.436905,0.409607,0.376647,0.343265,0.343265,0.343265,0.343265,0.4875100000000001,20,170.0
839,14.336,28,10,protocol,7.5,1700,41299,24.2935,7820,4542,0.5808180000000001,0.458064,0.398625,0.364266,0.337362,0.309618,0.2812,0.2812,0.2812,0.2812,0.4875850000000001,20,170.0
840,17.408,34,10,protocol,7.5,1700,45861,26.9771,7758,4813,0.620392,0.494636,0.435152,0.403693,0.376074,0.344592,0.311968,0.311968,0.311968,0.311968,0.487583,20,170.0
841,16.384,32,10,protocol,7.5,1700,39436,23.1976,7655,4207,0.549575,0.424918,0.371576,0.343062,0.320563,0.294757,0.268277,0.268277,0.268277,0.268277,0.487512,20,170.0
842,16.896,33,10,protocol,7.5,1700,33995,19.9971,7573,3945,0.52093,0.380048,0.325273,0.298664,0.277528,0.254378,0.230827,0.230827,0.230827,0.230827,0.487394,20,170.0
843,16.896,33,10,protocol,7.5,1700,31909,18.77,7390,3673,0.497023,0.366771,0.313465,0.286613,0.265871,0.2402,0.216156,0.216156,0.216156,0.216156,0.487375,20,170.0
844,19.968,39,10,protocol,7.5,1700,34526,20.3094,7446,4008,0.538276,0.387955,0.332482,0.302267,0.280774,0.257841,0.233755,0.233755,0.233755,0.233755,0.487305,20,170.0
845,16.896,33,10,protocol,7.5,1700,33103,19.4724,7432,3807,0.5122439999999999,0.371543,0.317752,0.293711,0.272029,0.24804,0.223712,0.223712,0.223712,0.223712,0.487182,20,170.0
846,18.944000000000006,37,10,protocol,7.5,1700,41595,24.4676,7340,4219,0.574796,0.44295,0.388768,0.363346,0.339555,0.310608,0.280796,0.280796,0.280796,0.280796,0.487219,20,170.0
847,18.944000000000006,37,10,protocol,7.5,1700,28479,16.7524,7414,3540,0.477475,0.331492,0.277235,0.252454,0.234271,0.212561,0.192224,0.192224,0.192224,0.192224,0.487252,20,170.0
848,17.92,35,10,protocol,7.5,1700,32123,18.8959,7503,3734,0.4976680000000001,0.352072,0.303155,0.28048,0.260316,0.238029,0.21602800000000005,0.21602800000000005,0.21602800000000005,0.21602800000000005,0.487163,20,170.0
849,14.848,29,10,protocol,7.5,1700,34862,20.5071,7402,4042,0.5460689999999999,0.393599,0.338513,0.307843,0.28486500000000003,0.258786,0.233926,0.233926,0.233926,0.233926,0.487199,20,170.0
850,16.896,33,10,protocol,7.5,1700,32644,19.2024,7242,3695,0.5102180000000001,0.361064,0.309608,0.284501,0.263822,0.241279,0.218481,0.218481,0.218481,0.218481,0.48724,20,170.0
851,16.384,32,10,protocol,7.5,1700,33549,19.7347,7142,3756,0.525903,0.374619,0.320889,0.29278000000000004,0.270811,0.247092,0.223917,0.223917,0.223917,0.223917,0.487126,20,170.0
852,10.752,21,10,protocol,7.5,1700,37652,22.1482,7039,3595,0.510726,0.396641,0.346189,0.320373,0.300926,0.275945,0.250624,0.250624,0.250624,0.250624,0.4872510000000001,20,170.0
853,15.872,31,10,protocol,7.5,1700,44150,25.9706,7010,4268,0.608845,0.4622060000000001,0.405279,0.374018,0.349614,0.322533,0.29343400000000003,0.29343400000000003,0.29343400000000003,0.29343400000000003,0.48734,20,170.0
854,16.384,32,10,protocol,7.5,1700,42676,25.1035,7016,4128,0.5883689999999999,0.445025,0.38966,0.35880300000000004,0.336164,0.310533,0.282911,0.282911,0.282911,0.282911,0.487489,20,170.0
855,17.92,35,10,protocol,7.5,1700,36997,21.7629,7070,3873,0.547808,0.387418,0.341036,0.31552,0.29563,0.270013,0.245239,0.245239,0.245239,0.245239,0.487446,20,170.0
856,18.432,36,10,protocol,7.5,1700,32856,19.3271,6987,3498,0.500644,0.356302,0.305964,0.279494,0.260657,0.238989,0.217194,0.217194,0.217194,0.217194,0.487311,20,170.0
857,13.312,26,10,protocol,7.5,1700,33983,19.99,7241,3602,0.497445,0.363472,0.316133,0.28931,0.269965,0.24722,0.22405,0.22405,0.22405,0.22405,0.487376,20,170.0
858,19.968,39,10,protocol,7.5,1700,39991,23.5241,7427,4080,0.549347,0.406067,0.354313,0.328651,0.31001300000000004,0.28833400000000003,0.26305700000000004,0.26305700000000004,0.26305700000000004,0.26305700000000004,0.487278,20,170.0
859,15.872,31,10,protocol,7.5,1700,33477,19.6924,7325,3480,0.475085,0.357385,0.31337600000000004,0.286437,0.265915,0.24327,0.219721,0.219721,0.219721,0.219721,0.487153,20,170.0
860,16.896,33,10,protocol,7.5,1700,44236,26.0212,7359,4190,0.569371,0.437287,0.388696,0.360369,0.340222,0.316438,0.289657,0.289657,0.289657,0.289657,0.4871430000000001,20,170.0
861,16.384,32,10,protocol,7.5,1700,44183,25.99,7294,4245,0.5819850000000001,0.442518,0.389741,0.360884,0.337951,0.315078,0.289164,0.289164,0.289164,0.289164,0.487159,20,170.0
862,10.24,20,10,protocol,7.5,1700,34093,20.0547,7358,3499,0.475537,0.357763,0.310543,0.28581100000000004,0.268499,0.245168,0.2230550000000001,0.2230550000000001,0.2230550000000001,0.2230550000000001,0.487234,20,170.0
863,11.264,22,10,protocol,7.5,1700,41449,24.3818,7432,4272,0.574812,0.445373,0.384979,0.35014,0.324293,0.296532,0.27084899999999995,0.27084899999999995,0.27084899999999995,0.27084899999999995,0.487334,20,170.0
864,13.312,26,10,protocol,7.5,1700,43822,25.7776,7509,4205,0.559995,0.4355810000000001,0.385604,0.360579,0.338,0.312017,0.285545,0.285545,0.285545,0.285545,0.487474,20,170.0
865,15.36,30,10,protocol,7.5,1700,36645,21.5559,7664,4009,0.523095,0.37548,0.322123,0.297993,0.280109,0.259888,0.23851,0.23851,0.23851,0.23851,0.4874270000000001,20,170.0
866,14.848,29,10,protocol,7.5,1700,33154,19.5024,7484,3627,0.484634,0.34770500000000004,0.301464,0.27665100000000004,0.257233,0.236611,0.21552,0.21552,0.21552,0.21552,0.487364,20,170.0
867,14.336,28,10,protocol,7.5,1700,33272,19.5718,7368,3694,0.5013569999999999,0.358903,0.30956300000000003,0.28225300000000003,0.261937,0.237828,0.216377,0.216377,0.216377,0.216377,0.487312,20,170.0
868,16.384,32,10,protocol,7.5,1700,33413,19.6547,7451,3705,0.497249,0.350587,0.301482,0.27773200000000003,0.260129,0.238387,0.217526,0.217526,0.217526,0.217526,0.487161,20,170.0
869,14.848,29,10,protocol,7.5,1700,35079,20.6347,7485,3891,0.51984,0.37415,0.32056100000000004,0.293192,0.272663,0.249917,0.2283550000000001,0.2283550000000001,0.2283550000000001,0.2283550000000001,0.487092,20,170.0
870,16.384,32,10,protocol,7.5,1700,32323,19.0135,7579,3570,0.471038,0.333025,0.290043,0.268953,0.252469,0.230947,0.210189,0.210189,0.210189,0.210189,0.4869770000000001,20,170.0
871,11.776,23,10,protocol,7.5,1700,30274,17.8082,7415,3486,0.470128,0.331543,0.284618,0.259572,0.239374,0.217151,0.197127,0.197127,0.197127,0.197127,0.487023,20,170.0
872,13.312,26,10,protocol,7.5,1700,44162,25.9776,7437,4444,0.597553,0.451672,0.392845,0.366222,0.339774,0.31406,0.287743,0.287743,0.287743,0.287743,0.487097,20,170.0
873,10.752,21,10,protocol,7.5,1700,34696,20.4094,7237,4041,0.558381,0.386902,0.32472,0.295494,0.273341,0.249651,0.226213,0.226213,0.226213,0.226213,0.486968,20,170.0
874,9.728,19,10,protocol,7.5,1700,34535,20.3147,7251,3856,0.5317890000000001,0.371711,0.316522,0.291387,0.271092,0.248688,0.225683,0.225683,0.225683,0.225683,0.486937,20,170.0
875,8.192,16,10,protocol,7.5,1700,34050,20.0294,7483,3786,0.505947,0.377388,0.318957,0.287419,0.264915,0.244918,0.223133,0.223133,0.223133,0.223133,0.48704,20,170.0
876,7.68,15,10,protocol,7.5,1700,39476,23.2212,7564,4272,0.5647810000000001,0.4285,0.369338,0.335514,0.311045,0.285078,0.25942,0.25942,0.25942,0.25942,0.487121,20,170.0
877,14.848,29,10,protocol,7.5,1700,41976,24.6918,7698,4656,0.6048319999999999,0.460099,0.391931,0.356975,0.330681,0.30343000000000003,0.276877,0.276877,0.276877,0.276877,0.48726,20,170.0
878,18.432,36,10,protocol,7.5,1700,41364,24.3318,7646,4341,0.5677479999999999,0.433619,0.380094,0.34886300000000003,0.325495,0.299162,0.272785,0.272785,0.272785,0.272785,0.48723,20,170.0
879,8.704,17,10,protocol,7.5,1700,35962,21.1541,7607,3901,0.512817,0.388867,0.336055,0.307118,0.285656,0.261091,0.237534,0.237534,0.237534,0.237534,0.487365,20,170.0
880,16.384,32,10,protocol,7.5,1700,43011,25.3006,7673,4638,0.604457,0.460143,0.396605,0.363618,0.339504,0.31242,0.284535,0.284535,0.284535,0.284535,0.487491,20,170.0
881,15.872,31,10,protocol,7.5,1700,35707,21.0041,7677,4071,0.530285,0.387255,0.332242,0.303132,0.282357,0.259713,0.236696,0.236696,0.236696,0.236696,0.487419,20,170.0
882,13.824000000000002,27,10,protocol,7.5,1700,37324,21.9553,7591,4183,0.5510470000000001,0.408988,0.34679,0.317198,0.294206,0.271484,0.2477820000000001,0.2477820000000001,0.2477820000000001,0.2477820000000001,0.487552,20,170.0
883,18.944000000000006,37,10,protocol,7.5,1700,38421,22.6006,7770,4220,0.543115,0.410887,0.354217,0.326855,0.306182,0.281768,0.255761,0.255761,0.255761,0.255761,0.487459,20,170.0
884,16.384,32,10,protocol,7.5,1700,34659,20.3876,7793,4205,0.539587,0.390484,0.332183,0.301156,0.279447,0.25555100000000003,0.230939,0.230939,0.230939,0.230939,0.487424,20,170.0
885,15.36,30,10,protocol,7.5,1700,32879,19.3406,7875,4015,0.509841,0.368641,0.314487,0.288338,0.26682100000000003,0.243266,0.21963,0.21963,0.21963,0.21963,0.487271,20,170.0
886,8.192,16,10,protocol,7.5,1700,31518,18.54,7813,3850,0.492768,0.368717,0.315191,0.28786300000000004,0.263507,0.235782,0.211434,0.211434,0.211434,0.211434,0.487306,20,170.0
887,9.728,19,10,protocol,7.5,1700,41190,24.2294,7734,4755,0.614818,0.48155,0.409633,0.368571,0.336878,0.30574,0.27678800000000003,0.27678800000000003,0.27678800000000003,0.27678800000000003,0.487389,20,170.0
888,10.24,20,10,protocol,7.5,1700,42608,25.0635,7442,4366,0.58667,0.459909,0.403148,0.372577,0.346722,0.316562,0.286268,0.286268,0.286268,0.286268,0.487505,20,170.0
889,15.872,31,10,protocol,7.5,1700,42556,25.0329,7086,4228,0.596669,0.453513,0.394605,0.364816,0.342026,0.314539,0.286016,0.286016,0.286016,0.286016,0.487565,20,170.0
890,12.288,24,10,protocol,7.5,1700,29561,17.3888,6971,3475,0.498494,0.353752,0.295441,0.269564,0.24755,0.222771,0.198733,0.198733,0.198733,0.198733,0.487495,20,170.0
891,7.1679999999999975,14,10,protocol,7.5,1700,34563,20.3312,6878,3812,0.554231,0.411857,0.348533,0.314659,0.288116,0.25908000000000003,0.232746,0.232746,0.232746,0.232746,0.487615,20,170.0
892,16.896,33,10,protocol,7.5,1700,46275,27.2206,6853,4353,0.635196,0.487605,0.4214,0.388016,0.363698,0.340957,0.31199,0.31199,0.31199,0.31199,0.487686,20,170.0
893,8.704,17,10,protocol,7.5,1700,33178,19.5165,6943,3680,0.53003,0.384831,0.325141,0.298797,0.275087,0.248845,0.223793,0.223793,0.223793,0.223793,0.487764,20,170.0
894,5.12,10,10,protocol,7.5,1700,43591,25.6418,7147,4466,0.6248779999999999,0.47664,0.416163,0.38315,0.355018,0.32455700000000004,0.294323,0.294323,0.294323,0.294323,0.48786,20,170.0
895,12.288,24,10,protocol,7.5,1700,42593,25.0547,7413,4418,0.5959800000000001,0.453064,0.39644,0.369335,0.344274,0.317323,0.287929,0.287929,0.287929,0.287929,0.4878770000000001,20,170.0
896,8.704,17,10,protocol,7.5,1700,34501,20.2947,7454,4010,0.5379659999999999,0.38281,0.325565,0.300706,0.280262,0.257102,0.233238,0.233238,0.233238,0.233238,0.487933,20,170.0
897,11.776,23,10,protocol,7.5,1700,40213,23.6547,7497,4402,0.587168,0.436839,0.379595,0.351672,0.328559,0.300057,0.272019,0.272019,0.272019,0.272019,0.487853,20,170.0
898,8.192,16,10,protocol,7.5,1700,31291,18.4065,7547,3871,0.512919,0.372405,0.313307,0.286113,0.262709,0.236218,0.211854,0.211854,0.211854,0.211854,0.487844,20,170.0
899,15.36,30,10,protocol,7.5,1700,43824,25.7788,7762,4861,0.626256,0.468074,0.39923,0.372247,0.350437,0.32565,0.297267,0.297267,0.297267,0.297267,0.4879,20,170.0
900,16.896,33,10,protocol,7.5,1700,33195,19.5265,7748,4039,0.521296,0.379826,0.318583,0.293589,0.273281,0.24891,0.2247780000000001,0.2247780000000001,0.2247780000000001,0.2247780000000001,0.487767,20,170.0
901,10.752,21,10,protocol,7.5,1700,40792,23.9953,7712,4403,0.570928,0.444906,0.38463,0.357263,0.333048,0.304741,0.276135,0.276135,0.276135,0.276135,0.487824,20,170.0
902,14.848,29,10,protocol,7.5,1700,41199,24.2347,7624,4536,0.594963,0.44444,0.381333,0.35165,0.32945100000000005,0.306371,0.27928800000000004,0.27928800000000004,0.27928800000000004,0.27928800000000004,0.487765,20,170.0
903,11.264,22,10,protocol,7.5,1700,41007,24.1218,7620,4398,0.5771649999999999,0.441507,0.385018,0.354538,0.33200100000000005,0.30640700000000004,0.278423,0.278423,0.278423,0.278423,0.487828,20,170.0
904,11.776,23,10,protocol,7.5,1700,34970,20.5706,7415,4128,0.556709,0.405638,0.3459,0.31282,0.286009,0.262504,0.237533,0.237533,0.237533,0.237533,0.48783,20,170.0
905,10.24,20,10,protocol,7.5,1700,32062,18.86,7315,3819,0.5220779999999999,0.381323,0.324753,0.29233400000000004,0.268144,0.242115,0.218034,0.218034,0.218034,0.218034,0.487961,20,170.0
906,15.872,31,10,protocol,7.5,1700,46486,27.3447,7320,4820,0.65847,0.500323,0.4329310000000001,0.397383,0.371108,0.34602,0.316488,0.316488,0.316488,0.316488,0.487972,20,170.0
907,10.24,20,10,protocol,7.5,1700,34957,20.5629,7247,3866,0.533462,0.388333,0.336162,0.307083,0.285954,0.262549,0.2379570000000001,0.2379570000000001,0.2379570000000001,0.2379570000000001,0.487972,20,170.0
908,12.8,25,10,protocol,7.5,1700,44899,26.4112,7198,4554,0.632676,0.488578,0.427516,0.392558,0.366304,0.337044,0.306053,0.306053,0.306053,0.306053,0.488041,20,170.0
909,11.264,22,10,protocol,7.5,1700,33668,19.8047,7039,3803,0.540276,0.396845,0.335617,0.304047,0.279841,0.254549,0.229656,0.229656,0.229656,0.229656,0.48792,20,170.0
910,14.848,29,10,protocol,7.5,1700,34684,20.4024,6947,3814,0.549014,0.400677,0.342487,0.311788,0.289392,0.263418,0.236802,0.236802,0.236802,0.236802,0.487807,20,170.0
911,14.336,28,10,protocol,7.5,1700,35765,21.0382,7105,4097,0.5766359999999999,0.417105,0.353142,0.32060700000000003,0.29671,0.271161,0.244082,0.244082,0.244082,0.244082,0.487691,20,170.0
912,14.336,28,10,protocol,7.5,1700,34451,20.2653,7383,3916,0.530408,0.392918,0.336431,0.304117,0.283048,0.260077,0.235159,0.235159,0.235159,0.235159,0.487597,20,170.0
913,14.336,28,10,protocol,7.5,1700,34991,20.5829,7292,3967,0.544021,0.400124,0.34433600000000003,0.315127,0.292084,0.26633,0.239318,0.239318,0.239318,0.239318,0.487463,20,170.0
914,12.288,24,10,protocol,7.5,1700,40883,24.0488,7253,4340,0.5983729999999999,0.456869,0.394368,0.358052,0.332646,0.308855,0.279679,0.279679,0.279679,0.279679,0.487519,20,170.0
915,6.144,12,10,protocol,7.5,1700,36108,21.24,7156,3810,0.53242,0.406111,0.355128,0.32426,0.302398,0.275221,0.246874,0.246874,0.246874,0.246874,0.487633,20,170.0
916,5.12,10,10,protocol,7.5,1700,27915,16.4206,6928,2832,0.408776,0.330479,0.288644,0.26117,0.239222,0.214813,0.190617,0.190617,0.190617,0.190617,0.487736,20,170.0
917,6.144,12,10,protocol,7.5,1700,41774,24.5729,6847,4172,0.609318,0.478821,0.412668,0.372825,0.343936,0.315576,0.28491500000000003,0.28491500000000003,0.28491500000000003,0.28491500000000003,0.487853,20,170.0
918,11.776,23,10,protocol,7.5,1700,46455,27.3265,6968,4515,0.647962,0.511234,0.442738,0.406937,0.379684,0.349772,0.317595,0.317595,0.317595,0.317595,0.487946,20,170.0
919,6.6560000000000015,13,10,protocol,7.5,1700,35965,21.1559,6814,3646,0.535075,0.425586,0.362448,0.327499,0.301418,0.273303,0.24637,0.24637,0.24637,0.24637,0.488001,20,170.0
920,6.6560000000000015,13,10,protocol,7.5,1700,40891,24.0535,6801,4008,0.589325,0.456324,0.397704,0.36267,0.33787,0.30935100000000004,0.28012,0.28012,0.28012,0.28012,0.488122,20,170.0
921,13.312,26,10,protocol,7.5,1700,47851,28.1476,6684,4438,0.663974,0.504598,0.44463,0.4137810000000001,0.387046,0.358079,0.327487,0.327487,0.327487,0.327487,0.488206,20,170.0
922,11.264,22,10,protocol,7.5,1700,33209,19.5347,6762,3663,0.541704,0.387511,0.32863600000000004,0.30038400000000004,0.276581,0.251123,0.227399,0.227399,0.227399,0.227399,0.4880930000000001,20,170.0
923,12.288,24,10,protocol,7.5,1700,33745,19.85,6492,3424,0.527418,0.387173,0.33002600000000004,0.302877,0.28217,0.255483,0.230886,0.230886,0.230886,0.230886,0.4879560000000001,20,170.0
924,12.288,24,10,protocol,7.5,1700,37534,22.0788,6490,3646,0.561787,0.420781,0.362993,0.33515100000000003,0.31255,0.283604,0.25637600000000005,0.25637600000000005,0.25637600000000005,0.25637600000000005,0.488038,20,170.0
925,7.68,15,10,protocol,7.5,1700,34066,20.0388,6459,3388,0.524539,0.393761,0.335928,0.30682600000000004,0.283108,0.257431,0.23270900000000005,0.23270900000000005,0.23270900000000005,0.23270900000000005,0.488167,20,170.0
926,8.192,16,10,protocol,7.5,1700,42750,25.1471,6460,3876,0.6,0.469205,0.408092,0.375157,0.34881,0.321331,0.29197,0.29197,0.29197,0.29197,0.488256,20,170.0
927,17.92,35,10,protocol,7.5,1700,44635,26.2559,6454,3930,0.608925,0.456659,0.405101,0.380019,0.359746,0.334443,0.305101,0.305101,0.305101,0.305101,0.488316,20,170.0
928,12.288,24,10,protocol,7.5,1700,34262,20.1541,6581,3626,0.55098,0.394326,0.335512,0.306442,0.283054,0.258943,0.234865,0.234865,0.234865,0.234865,0.488214,20,170.0
929,8.704,17,10,protocol,7.5,1700,39566,23.2741,6656,3757,0.564453,0.439358,0.381372,0.348272,0.323359,0.297993,0.271149,0.271149,0.271149,0.271149,0.48831,20,170.0
930,11.776,23,10,protocol,7.5,1700,43618,25.6576,6619,4003,0.6047739999999999,0.470672,0.414212,0.381273,0.357512,0.32797800000000005,0.298485,0.298485,0.298485,0.298485,0.488404,20,170.0
931,8.704,17,10,protocol,7.5,1700,44594,26.2318,6667,4124,0.6185689999999999,0.476074,0.4205140000000001,0.388758,0.362703,0.332994,0.304208,0.304208,0.304208,0.304208,0.488499,20,170.0
932,14.848,29,10,protocol,7.5,1700,36592,21.5247,6662,3727,0.559442,0.401546,0.351525,0.324227,0.300519,0.274801,0.248634,0.248634,0.248634,0.248634,0.488454,20,170.0
933,15.872,31,10,protocol,7.5,1700,37828,22.2518,6818,3920,0.5749489999999999,0.426681,0.366786,0.33807,0.311243,0.283273,0.256492,0.256492,0.256492,0.256492,0.488414,20,170.0
934,16.384,32,10,protocol,7.5,1700,35187,20.6982,7129,3879,0.5441159999999999,0.406732,0.348181,0.319481,0.293423,0.263802,0.238021,0.238021,0.238021,0.238021,0.488317,20,170.0
935,15.36,30,10,protocol,7.5,1700,36646,21.5565,7086,3986,0.5625180000000001,0.413199,0.355299,0.328154,0.303287,0.274486,0.247373,0.247373,0.247373,0.247373,0.48825,20,170.0
936,15.36,30,10,protocol,7.5,1700,32633,19.1959,7066,3820,0.540617,0.384186,0.323823,0.295887,0.27248,0.244819,0.220092,0.220092,0.220092,0.220092,0.488178,20,170.0
937,15.872,31,10,protocol,7.5,1700,33430,19.6647,6991,3813,0.545416,0.386802,0.33118000000000003,0.304186,0.279886,0.25093000000000004,0.2263,0.2263,0.2263,0.2263,0.488096,20,170.0
938,15.872,31,10,protocol,7.5,1700,33978,19.9871,6820,3724,0.546041,0.391328,0.332489,0.302259,0.278967,0.25308,0.230285,0.230285,0.230285,0.230285,0.487983,20,170.0
939,16.384,32,10,protocol,7.5,1700,32528,19.1341,6571,3583,0.545275,0.390444,0.32705700000000004,0.295067,0.270793,0.243812,0.220807,0.220807,0.220807,0.220807,0.487837,20,170.0
940,15.872,31,10,protocol,7.5,1700,31986,18.8153,6498,3385,0.52093,0.368756,0.310012,0.283961,0.261944,0.238168,0.217096,0.217096,0.217096,0.217096,0.487716,20,170.0
941,15.36,30,10,protocol,7.5,1700,34483,20.2841,6394,3514,0.549578,0.389959,0.331185,0.302818,0.281239,0.256595,0.233822,0.233822,0.233822,0.233822,0.487676,20,170.0
942,10.752,21,10,protocol,7.5,1700,34713,20.4194,6560,3449,0.525762,0.384163,0.334886,0.307874,0.28357,0.257983,0.235239,0.235239,0.235239,0.235239,0.487689,20,170.0
943,6.144,12,10,protocol,7.5,1700,35922,21.1306,6896,3814,0.553074,0.415912,0.35096900000000003,0.319285,0.292986,0.266885,0.24336,0.24336,0.24336,0.24336,0.48783,20,170.0
944,7.68,15,10,protocol,7.5,1700,39099,22.9994,7054,4200,0.595407,0.452414,0.389324,0.352687,0.320734,0.29086100000000004,0.264832,0.264832,0.264832,0.264832,0.487937,20,170.0
945,16.384,32,10,protocol,7.5,1700,41429,24.37,7254,4351,0.599807,0.452684,0.394947,0.36189,0.334744,0.307057,0.28065500000000004,0.28065500000000004,0.28065500000000004,0.28065500000000004,0.488058,20,170.0
946,13.824000000000002,27,10,protocol,7.5,1700,33581,19.7535,7216,3972,0.550443,0.393402,0.334411,0.302265,0.2774,0.251171,0.227478,0.227478,0.227478,0.227478,0.487988,20,170.0
947,12.288,24,10,protocol,7.5,1700,39467,23.2159,7297,4151,0.568864,0.430201,0.374724,0.343985,0.31900300000000004,0.293444,0.267848,0.267848,0.267848,0.267848,0.488025,20,170.0
948,14.848,29,10,protocol,7.5,1700,33972,19.9835,7626,4156,0.544978,0.392591,0.334875,0.30275,0.278967,0.254217,0.230464,0.230464,0.230464,0.230464,0.487942,20,170.0
949,14.848,29,10,protocol,7.5,1700,36419,21.4229,7488,4054,0.5414,0.407038,0.35180700000000004,0.321404,0.29663,0.27117,0.247621,0.247621,0.247621,0.247621,0.487958,20,170.0
950,13.312,26,10,protocol,7.5,1700,33811,19.8888,7353,4082,0.555148,0.392194,0.333596,0.302313,0.277792,0.253279,0.23026,0.23026,0.23026,0.23026,0.487817,20,170.0
951,15.36,30,10,protocol,7.5,1700,33464,19.6847,7337,3990,0.5438189999999999,0.393422,0.336471,0.302741,0.278279,0.252021,0.228089,0.228089,0.228089,0.228089,0.487719,20,170.0
952,14.336,28,10,protocol,7.5,1700,34123,20.0724,7266,3889,0.535233,0.385479,0.331795,0.30242,0.281337,0.256185,0.232937,0.232937,0.232937,0.232937,0.487583,20,170.0
953,8.192,16,10,protocol,7.5,1700,32270,18.9824,7463,3757,0.503417,0.373642,0.320573,0.293422,0.269732,0.244207,0.22064,0.22064,0.22064,0.22064,0.4876470000000001,20,170.0
954,7.68,15,10,protocol,7.5,1700,31443,18.4959,7413,3626,0.489141,0.364939,0.311944,0.28583400000000003,0.2638,0.238033,0.215147,0.215147,0.215147,0.215147,0.487768,20,170.0
955,8.704,17,10,protocol,7.5,1700,36085,21.2265,7193,3942,0.548033,0.421127,0.357254,0.327505,0.300954,0.273631,0.24645,0.24645,0.24645,0.24645,0.4878770000000001,20,170.0
956,19.456,38,10,protocol,7.5,1700,44529,26.1935,7209,4406,0.6111800000000001,0.472871,0.414525,0.384001,0.359595,0.333644,0.304183,0.304183,0.304183,0.304183,0.48797,20,170.0
957,10.752,21,10,protocol,7.5,1700,34700,20.4118,6981,3801,0.544478,0.394837,0.337183,0.307288,0.28352,0.26097600000000004,0.237352,0.237352,0.237352,0.237352,0.4879729999999999,20,170.0
958,15.36,30,10,protocol,7.5,1700,41496,24.4094,6783,3842,0.566416,0.437991,0.389409,0.363649,0.341248,0.31282600000000005,0.283736,0.283736,0.283736,0.283736,0.4880850000000001,20,170.0
959,17.92,35,10,protocol,7.5,1700,38640,22.7294,6829,4049,0.592913,0.429953,0.369486,0.341273,0.317023,0.290065,0.263815,0.263815,0.263815,0.263815,0.4880229999999999,20,170.0
960,17.408,34,10,protocol,7.5,1700,36089,21.2288,6831,3894,0.570048,0.414537,0.349827,0.320522,0.295991,0.271087,0.2464510000000001,0.2464510000000001,0.2464510000000001,0.2464510000000001,0.488117,20,170.0
961,17.408,34,10,protocol,7.5,1700,32474,19.1024,6812,3744,0.549618,0.381242,0.321262,0.294138,0.271566,0.24533,0.222148,0.222148,0.222148,0.222148,0.488012,20,170.0
962,15.872,31,10,protocol,7.5,1700,40963,24.0959,6782,3930,0.579475,0.435435,0.382145,0.356207,0.332839,0.307012,0.28033800000000003,0.28033800000000003,0.28033800000000003,0.28033800000000003,0.488009,20,170.0
963,16.384,32,10,protocol,7.5,1700,36076,21.2212,6688,3792,0.566986,0.403329,0.344672,0.317083,0.294261,0.270957,0.24727800000000005,0.24727800000000005,0.24727800000000005,0.24727800000000005,0.487885,20,170.0
964,10.24,20,10,protocol,7.5,1700,33993,19.9959,6563,3471,0.528874,0.395254,0.340412,0.309552,0.284552,0.258141,0.233688,0.233688,0.233688,0.233688,0.487914,20,170.0
965,7.68,15,10,protocol,7.5,1700,41508,24.4165,6715,4123,0.613999,0.4673229999999999,0.40339,0.368003,0.340141,0.312372,0.285293,0.285293,0.285293,0.285293,0.487991,20,170.0
966,15.872,31,10,protocol,7.5,1700,46001,27.0594,6730,4501,0.6687960000000001,0.506003,0.4422930000000001,0.405309,0.3779,0.346909,0.316013,0.316013,0.316013,0.316013,0.48808,20,170.0
967,9.216,18,10,protocol,7.5,1700,33741,19.8476,6790,3605,0.530928,0.387591,0.333782,0.30559400000000003,0.28315300000000004,0.256957,0.231968,0.231968,0.231968,0.231968,0.488036,20,170.0
968,17.408,34,10,protocol,7.5,1700,44184,25.9906,6990,4442,0.635479,0.471089,0.411726,0.386672,0.36172,0.33365700000000004,0.303868,0.303868,0.303868,0.303868,0.487986,20,170.0
969,14.336,28,10,protocol,7.5,1700,32617,19.1865,7043,4000,0.56794,0.402667,0.336099,0.303479,0.275939,0.249331,0.224585,0.224585,0.224585,0.224585,0.487872,20,170.0
970,13.312,26,10,protocol,7.5,1700,35868,21.0988,6956,3924,0.564117,0.412428,0.352233,0.322925,0.298924,0.272466,0.24765,0.24765,0.24765,0.24765,0.487821,20,170.0
971,13.824000000000002,27,10,protocol,7.5,1700,33788,19.8753,6710,3484,0.519225,0.381828,0.330427,0.304595,0.28375,0.25795100000000004,0.234071,0.234071,0.234071,0.234071,0.487859,20,170.0
972,16.896,33,10,protocol,7.5,1700,31712,18.6541,6659,3537,0.531161,0.383982,0.326866,0.296221,0.27234,0.245041,0.220215,0.220215,0.220215,0.220215,0.48774,20,170.0
973,15.872,31,10,protocol,7.5,1700,35813,21.0665,6866,3665,0.53379,0.399155,0.344864,0.319126,0.29696,0.273161,0.248955,0.248955,0.248955,0.248955,0.48781,20,170.0
974,15.36,30,10,protocol,7.5,1700,31370,18.4529,6875,3626,0.527418,0.38408,0.324702,0.29251900000000003,0.268586,0.24292,0.218707,0.218707,0.218707,0.218707,0.48771,20,170.0
975,8.704,17,10,protocol,7.5,1700,41079,24.1641,6881,4078,0.592646,0.455688,0.407549,0.376051,0.35078400000000004,0.31705,0.286936,0.286936,0.286936,0.286936,0.487805,20,170.0
976,11.264,22,10,protocol,7.5,1700,44358,26.0929,6796,4227,0.621984,0.486683,0.427433,0.395036,0.367969,0.337803,0.309973,0.309973,0.309973,0.309973,0.487871,20,170.0
977,6.144,12,10,protocol,7.5,1700,32137,18.9041,6725,3272,0.486543,0.370609,0.323783,0.295708,0.271725,0.246818,0.22436,0.22436,0.22436,0.22436,0.487941,20,170.0
978,9.728,19,10,protocol,7.5,1700,46914,27.5965,6644,4618,0.695063,0.538203,0.468844,0.429587,0.397382,0.360781,0.327562,0.327562,0.327562,0.327562,0.488026,20,170.0
979,17.408,34,10,protocol,7.5,1700,44006,25.8859,6614,4256,0.6434840000000001,0.486018,0.422913,0.391041,0.364458,0.335691,0.306702,0.306702,0.306702,0.306702,0.488054,20,170.0
980,11.776,23,10,protocol,7.5,1700,33964,19.9788,6573,3703,0.563365,0.400176,0.341832,0.31433,0.289675,0.262173,0.236307,0.236307,0.236307,0.236307,0.488024,20,170.0
981,9.728,19,10,protocol,7.5,1700,42617,25.0688,6503,4116,0.632939,0.485773,0.425551,0.391049,0.36161,0.329256,0.296793,0.296793,0.296793,0.296793,0.488103,20,170.0
982,21.504,42,10,protocol,7.5,1700,35566,20.9212,6457,3769,0.583708,0.413182,0.34948,0.319414,0.295852,0.272756,0.247516,0.247516,0.247516,0.247516,0.488123,20,170.0
983,16.384,32,10,protocol,7.5,1700,34724,20.4259,6474,3652,0.564103,0.40858,0.348099,0.318868,0.296187,0.268776,0.241908,0.241908,0.241908,0.241908,0.488073,20,170.0
984,16.896,33,10,protocol,7.5,1700,38205,22.4735,6471,3826,0.591253,0.44623,0.385575,0.354742,0.327352,0.296562,0.266532,0.266532,0.266532,0.266532,0.488051,20,170.0
985,16.384,32,10,protocol,7.5,1700,33400,19.6471,6366,3618,0.568332,0.401965,0.339828,0.312755,0.288455,0.260261,0.232946,0.232946,0.232946,0.232946,0.487939,20,170.0
986,20.48,40,10,protocol,7.5,1700,33595,19.7618,6339,3611,0.5696479999999999,0.405237,0.343964,0.31465,0.288579,0.260303,0.234102,0.234102,0.234102,0.234102,0.4878270000000001,20,170.0
987,18.432,36,10,protocol,7.5,1700,34279,20.1641,6475,3583,0.553359,0.399928,0.341395,0.315824,0.29330100000000003,0.265849,0.238848,0.238848,0.238848,0.238848,0.4877260000000001,20,170.0
988,3.584,7,10,protocol,7.5,1700,23774,13.9847,6414,2578,0.401933,0.305686,0.258117,0.237402,0.214182,0.187545,0.165511,0.165511,0.165511,0.165511,0.4879,20,170.0
989,7.1679999999999975,14,10,protocol,7.5,1700,43965,25.8618,6320,4037,0.638766,0.500825,0.435705,0.400933,0.372113,0.339321,0.306389,0.306389,0.306389,0.306389,0.4880020000000001,20,170.0
990,16.384,32,10,protocol,7.5,1700,42761,25.1535,6300,3748,0.594921,0.467698,0.409973,0.38182,0.356814,0.328474,0.297429,0.297429,0.297429,0.297429,0.488094,20,170.0
991,14.336,28,10,protocol,7.5,1700,41672,24.5129,6385,3835,0.600626,0.457415,0.400652,0.372604,0.348864,0.320218,0.290145,0.290145,0.290145,0.290145,0.488188,20,170.0
992,16.384,32,10,protocol,7.5,1700,40900,24.0588,6508,3927,0.6034109999999999,0.449218,0.3943,0.366377,0.341884,0.313289,0.28462800000000005,0.28462800000000005,0.28462800000000005,0.28462800000000005,0.488167,20,170.0
993,15.36,30,10,protocol,7.5,1700,34247,20.1453,6448,3615,0.560639,0.405065,0.346062,0.318469,0.293631,0.265972,0.238515,0.238515,0.238515,0.238515,0.488074,20,170.0
994,17.408,34,10,protocol,7.5,1700,34269,20.1582,6488,3704,0.5709,0.408595,0.349418,0.319786,0.294444,0.266187,0.238863,0.238863,0.238863,0.238863,0.48799,20,170.0
995,19.456,38,10,protocol,7.5,1700,35836,21.08,6644,3749,0.5642689999999999,0.4117810000000001,0.354487,0.328016,0.304472,0.27744800000000003,0.25019600000000003,0.25019600000000003,0.25019600000000003,0.25019600000000003,0.487907,20,170.0
996,12.8,25,10,protocol,7.5,1700,35141,20.6712,6768,3758,0.5552600000000001,0.407587,0.349866,0.32035,0.298157,0.271299,0.245027,0.245027,0.245027,0.245027,0.488033,20,170.0
997,8.704,17,10,protocol,7.5,1700,33717,19.8335,6652,3567,0.53623,0.414235,0.352236,0.318686,0.291579,0.262302,0.23557,0.23557,0.23557,0.23557,0.488163,20,170.0
998,14.336,28,10,protocol,7.5,1700,48621,28.6006,6588,4543,0.689587,0.533075,0.465807,0.4341600000000001,0.406907,0.373695,0.340758,0.340758,0.340758,0.340758,0.488232,20,170.0
999,15.872,31,10,protocol,7.5,1700,35876,21.1035,6587,3785,0.574617,0.413145,0.353638,0.325913,0.30268,0.276554,0.251767,0.251767,0.251767,0.251767,0.488174,20,170.0
1000,9.728,19,10,protocol,7.5,1700,36001,21.1771,6588,3546,0.538251,0.414573,0.35769,0.33162600000000003,0.306947,0.278881,0.252929,0.252929,0.252929,0.252929,0.488307,20,170.0
